51,8,0,-0.3838314414024353,0.3487893342971802,-0.08017301559448242,0.454616904258728
52,8,0,-0.39302578568458557,0.36809220910072327,-0.08428046107292175,0.850348949432373
53,8,0,-0.39412328600883484,0.3696361184120178,-0.08233919739723206,1.104137897491455
54,8,0,-0.4113146960735321,0.3580934405326843,-0.0742819607257843,0.763573408126831
55,8,0,-0.41604161262512207,0.3506486415863037,-0.07004574686288834,0.6643340587615967
56,8,0,-0.4517477750778198,0.36479640007019043,-0.06278374046087265,0.6992811560630798
57,8,0,-0.4549100697040558,0.3562678396701813,-0.058731257915496826,0.5960778594017029
58,8,0,-0.4479852020740509,0.3252675235271454,-0.05318388342857361,0.4401809275150299
160,6,0,0.15101487934589386,-0.46673116087913513,-0.20691721141338348,1.8160243034362793
161,6,0,0.1646561622619629,-0.5459113121032715,-0.2869955599308014,2.2188892364501953
162,6,0,0.1765296310186386,-0.568547248840332,-0.2948174476623535,2.3818519115448
163,6,0,0.17939366400241852,-0.5592353343963623,-0.27600815892219543,2.4030649662017822
164,6,0,0.1581002175807953,-0.5529221892356873,-0.2976146936416626,2.412445068359375
165,6,0,0.11683731526136398,-0.5777483582496643,-0.31286507844924927,2.3916101455688477
166,6,0,0.07625290006399155,-0.6176854968070984,-0.3459828794002533,2.363856315612793
167,6,0,0.06350637227296829,-0.6606677174568176,-0.3659357726573944,2.4394829273223877
168,6,0,0.05622401461005211,-0.7112496495246887,-0.4028300940990448,2.59197735786438
169,6,0,0.08161941915750504,-0.7245436310768127,-0.42788243293762207,2.766123056411743
170,6,0,0.09809485822916031,-0.6533716320991516,-0.43106260895729065,2.7364184856414795
171,6,0,0.12143325805664062,-0.5304433703422546,-0.37121284008026123,2.41070294380188
175,6,0,0.07936427742242813,-0.5027163624763489,-0.34771573543548584,2.6445529460906982
176,6,0,0.06470003724098206,-0.6087344884872437,-0.38878586888313293,2.984576940536499
177,6,0,0.06041039153933525,-0.683072030544281,-0.4207431375980377,3.268782615661621
178,6,0,0.06938602775335312,-0.6436522603034973,-0.35772475600242615,3.1513872146606445
179,6,0,0.07432667165994644,-0.4927661418914795,-0.22508056461811066,2.3073861598968506
204,1,0,0.008458859287202358,-0.4936501681804657,-0.16649925708770752,0.48485067486763
205,1,0,0.03208987042307854,-0.7142851948738098,-0.14885501563549042,1.8608380556106567
206,1,0,0.03954952210187912,-0.7297465801239014,-0.1440315842628479,2.0929181575775146
207,1,0,0.02621077001094818,-0.7294358611106873,-0.15154506266117096,2.08044171333313
208,1,0,0.009399967268109322,-0.7049424052238464,-0.15797296166419983,2.0024521350860596
231,1,0,0.0496186725795269,-0.6674047112464905,-0.10174312442541122,1.6279481649398804
232,1,0,0.012487322092056274,-0.7265408635139465,-0.10362646728754044,2.2441184520721436
233,1,0,0.006409177556633949,-0.7441949248313904,-0.10981153696775436,2.2466936111450195
234,1,0,0.003800826147198677,-0.7611186504364014,-0.10660243034362793,2.2525484561920166
235,1,0,-0.008261674083769321,-0.7645847201347351,-0.10297433286905289,2.29129695892334
236,1,0,-0.017078589648008347,-0.7760383486747742,-0.1033899188041687,2.3398056030273438
237,1,0,-0.01994669809937477,-0.7679989337921143,-0.09915382415056229,2.3579092025756836
238,1,0,-0.02446173131465912,-0.7561380863189697,-0.09162959456443787,2.3445770740509033
239,1,0,-0.0072076451033353806,-0.7504379749298096,-0.06858906894922256,2.4335060119628906
262,1,0,-0.046477705240249634,-0.4995936155319214,-0.05723908543586731,1.4869730472564697
263,1,0,0.04074917361140251,-0.799945592880249,-0.10795728117227554,2.663011312484741
264,1,0,0.036953337490558624,-0.8817274570465088,-0.1439497023820877,2.5339391231536865
265,1,0,0.014008562080562115,-0.8597664833068848,-0.1505810171365738,2.4169795513153076
266,1,0,0.008127941749989986,-0.8436604142189026,-0.15804161131381989,2.3457086086273193
267,1,0,0.029969260096549988,-0.8507585525512695,-0.16269786655902863,2.3525381088256836
268,1,0,0.03833391144871712,-0.8107150197029114,-0.15693046152591705,2.3057587146759033
269,1,0,0.02434624172747135,-0.7819056510925293,-0.14671839773654938,2.217578887939453
270,1,0,-0.004916812758892775,-0.7746872305870056,-0.14079390466213226,2.028177499771118
271,1,0,-0.028526315465569496,-0.7859988212585449,-0.1359463781118393,2.1484498977661133
272,1,0,-0.02169768698513508,-0.7682485580444336,-0.1268891543149948,2.103449583053589
273,1,0,-0.013054285198450089,-0.7693243026733398,-0.12653645873069763,2.1357240676879883
274,1,0,0.010834324173629284,-0.7551698088645935,-0.13856196403503418,2.1642067432403564
275,1,0,0.004433467518538237,-0.7578752040863037,-0.14599823951721191,2.2082679271698
276,1,0,-0.021140234544873238,-0.7833871841430664,-0.14473550021648407,2.2328150272369385
277,1,0,-0.04494081437587738,-0.8144200444221497,-0.1424887329339981,2.224153757095337
278,1,0,-0.05644163861870766,-0.8341026306152344,-0.14423085749149323,2.257474184036255
279,1,0,-0.03253534808754921,-0.844489574432373,-0.15103989839553833,2.3706750869750977
280,1,0,-0.006872021127492189,-0.8527185320854187,-0.163025364279747,2.178966522216797
281,1,0,-0.012984168715775013,-0.7317901253700256,-0.14631091058254242,1.1148722171783447
300,1,0,0.02204205095767975,-0.8689512610435486,-0.13392293453216553,2.3473379611968994
301,1,0,0.09754323959350586,-0.7848038077354431,-0.12645870447158813,2.393918037414551
302,1,0,0.09081125259399414,-0.759901762008667,-0.12091002613306046,2.3651912212371826
303,1,0,0.08687883615493774,-0.7724685668945312,-0.11794272810220718,2.4183549880981445
304,1,0,0.09557058662176132,-0.7777400016784668,-0.11026549339294434,2.430098533630371
305,1,0,0.09794869273900986,-0.757526695728302,-0.1086098775267601,2.4289581775665283
306,1,0,0.07998756319284439,-0.7431557178497314,-0.10904908180236816,2.4352686405181885
307,1,0,0.06261637806892395,-0.7513504028320312,-0.10945645719766617,2.474215269088745
308,1,0,0.04175938665866852,-0.753330409526825,-0.11261013895273209,2.4789505004882812
309,1,0,0.041239336133003235,-0.7739619612693787,-0.1160055622458458,2.58123779296875
310,1,0,0.03246719762682915,-0.7783309817314148,-0.09680821746587753,2.560490369796753
311,1,0,0.0320727564394474,-0.8134989738464355,-0.09518170356750488,2.697542190551758
312,1,0,0.02730467915534973,-0.7986671328544617,-0.09011707454919815,2.696721315383911
313,1,0,0.020550305023789406,-0.7657929062843323,-0.08497422933578491,2.7233307361602783
314,1,0,-0.015033178962767124,-0.7392036318778992,-0.08047913759946823,2.7210121154785156
315,1,0,-0.028482383117079735,-0.7198023200035095,-0.07349716126918793,2.723180055618286
316,1,0,-0.028889695182442665,-0.7298111915588379,-0.07283563166856766,2.7246415615081787
317,1,0,-0.03441518172621727,-0.7252786755561829,-0.06918167322874069,2.712176561355591
318,1,0,-0.02540857158601284,-0.7108332514762878,-0.06554029136896133,2.7166807651519775
319,1,0,-0.024954399093985558,-0.6917282938957214,-0.0588216632604599,2.5862998962402344
320,1,0,0.018768353387713432,-0.5390471816062927,-0.03546822443604469,1.9328056573867798
328,1,0,0.051387954503297806,-0.5087157487869263,-0.015690669417381287,1.7455477714538574
329,1,0,0.04695158079266548,-0.661246120929718,-0.026297494769096375,2.5130364894866943
330,1,0,0.06889334321022034,-0.6945333480834961,-0.051951151341199875,2.6535322666168213
331,1,0,0.08897396922111511,-0.6597282886505127,-0.06853625923395157,2.559274911880493
332,1,0,0.0911816731095314,-0.6708617210388184,-0.07182153314352036,2.539928436279297
333,1,0,0.08645811676979065,-0.6951882243156433,-0.0848512277007103,2.5309460163116455
334,1,0,0.07953893393278122,-0.7262013554573059,-0.10118675231933594,2.568387985229492
335,1,0,0.08995964378118515,-0.7522589564323425,-0.09959805011749268,2.5379297733306885
336,1,0,0.13320671021938324,-0.7991456985473633,-0.09185729175806046,2.540205717086792
337,1,0,0.15804915130138397,-0.6661002039909363,-0.0714515745639801,1.9801267385482788
351,6,0,-0.3521227538585663,0.3898550570011139,0.21330344676971436,1.8766751289367676
380,1,0,0.13348408043384552,-0.7187004089355469,-0.09813040494918823,2.5060842037200928
381,1,0,0.14160414040088654,-0.824737012386322,-0.135975182056427,2.529388904571533
382,1,0,0.14025847613811493,-0.8050281405448914,-0.11998900026082993,2.4651455879211426
383,1,0,0.16592545807361603,-0.7785217761993408,-0.11769179254770279,2.4089910984039307
384,1,0,0.18799114227294922,-0.7635261416435242,-0.12461785227060318,2.3590729236602783
385,1,0,0.2124476283788681,-0.7416413426399231,-0.13345038890838623,2.3532655239105225
386,1,0,0.2201284021139145,-0.7020980715751648,-0.12942539155483246,2.3024752140045166
387,1,0,0.21989034116268158,-0.6958320736885071,-0.11773484945297241,2.3286659717559814
388,1,0,0.17893683910369873,-0.7436715960502625,-0.1105097234249115,2.44649338722229
389,1,0,0.14880383014678955,-0.7661328911781311,-0.11720148473978043,2.4450764656066895
390,1,0,0.09655734151601791,-0.7995736598968506,-0.1363557130098343,2.436279296875
391,1,0,0.06489662081003189,-0.8338796496391296,-0.1507345288991928,2.4848225116729736
392,1,0,0.0606677420437336,-0.8375374674797058,-0.14912867546081543,2.5074126720428467
393,1,0,0.06440886110067368,-0.8245401978492737,-0.146776482462883,2.5111265182495117
394,1,0,0.07455255091190338,-0.8149581551551819,-0.14733238518238068,2.5191497802734375
395,1,0,0.08386985212564468,-0.8134503960609436,-0.14871162176132202,2.5083742141723633
396,1,0,0.0884983167052269,-0.8064005374908447,-0.15074492990970612,2.512012481689453
397,1,0,0.08827648311853409,-0.8004230856895447,-0.1504465937614441,2.470693826675415
398,1,0,0.08736007660627365,-0.8231396675109863,-0.15289266407489777,2.5058977603912354
399,1,0,-2.88269166048849e-05,-0.9526662826538086,-0.1662544161081314,2.6336402893066406
400,1,0,-0.08958039432764053,-0.794876754283905,-0.09098651260137558,2.660639524459839
401,1,0,-0.027711043134331703,-0.8496456146240234,-0.10037166625261307,2.7089202404022217
402,1,0,-0.017258863896131516,-0.8490898013114929,-0.09661003202199936,2.6835086345672607
403,1,0,-0.011823506094515324,-0.8270482420921326,-0.09644731879234314,2.6446988582611084
404,1,0,-0.03171033039689064,-0.7398071885108948,-0.07621077448129654,2.566291093826294
418,6,0,-0.18509900569915771,-0.47477439045906067,-0.3367500305175781,1.9127378463745117
445,1,0,-0.06057801470160484,-0.8043046593666077,-0.04691721126437187,1.9186530113220215
446,1,0,-0.02390027977526188,-0.902003824710846,-0.09583502262830734,2.6064250469207764
447,1,0,-0.006762676406651735,-0.8934178948402405,-0.09408726543188095,2.575090169906616
448,1,0,0.006697788368910551,-0.8700876235961914,-0.08569520711898804,2.591539144515991
449,1,0,-0.05855201184749603,-0.8197216987609863,-0.07914761453866959,2.464456796646118
450,1,0,0.0286176148802042,-0.7309426665306091,-0.0122511712834239,2.186856269836426
451,1,0,0.08560363203287125,-0.7006370425224304,0.00389105430804193,1.8757356405258179
456,1,0,0.15305091440677643,-0.6115810871124268,-0.05702141299843788,1.5063657760620117
457,1,0,0.15986551344394684,-0.8279445767402649,-0.08393681049346924,2.2928574085235596
458,1,0,0.12126529216766357,-0.895043134689331,-0.09843594580888748,2.452871322631836
459,1,0,0.11622387170791626,-0.8548547625541687,-0.09447431564331055,2.3592653274536133
460,1,0,0.07339534908533096,-0.8539192080497742,-0.10566002130508423,2.308321237564087
461,1,0,0.07087647169828415,-0.8507013320922852,-0.12002239376306534,2.3249094486236572
462,1,0,0.07730913907289505,-0.8366147875785828,-0.11844245344400406,2.343104124069214
463,1,0,0.06856982409954071,-0.8169034123420715,-0.1115029975771904,2.3424510955810547
464,1,0,0.05480346456170082,-0.8186720013618469,-0.10538506507873535,2.3477306365966797
465,1,0,0.05642979219555855,-0.8187509179115295,-0.10136983543634415,2.2990150451660156
466,1,0,0.084754578769207,-0.8513340950012207,-0.11736052483320236,2.32659649848938
467,1,0,0.11110811680555344,-0.8656480312347412,-0.1039750799536705,1.8706241846084595
468,1,0,0.16078133881092072,-0.674938440322876,-0.046884555369615555,0.7288982272148132
506,1,0,-0.02427608333528042,-0.5784466862678528,-0.07985139638185501,1.8574920892715454
507,1,0,-0.06011931970715523,-0.805922269821167,-0.12615042924880981,2.5836362838745117
508,1,0,-0.0681542232632637,-0.8002915978431702,-0.1415889710187912,2.5962321758270264
509,1,0,-0.0988817811012268,-0.8408462405204773,-0.1593419462442398,2.5316879749298096
510,1,0,-0.1255909949541092,-0.8986892700195312,-0.17554591596126556,2.5268819332122803
511,1,0,-0.14118455350399017,-0.9307756423950195,-0.18080665171146393,2.5024099349975586
512,1,0,-0.1283552497625351,-0.9198436737060547,-0.17708738148212433,2.4729654788970947
513,1,0,-0.12046873569488525,-0.9279479384422302,-0.1797969490289688,2.478217840194702
514,1,0,-0.12567631900310516,-0.9485284686088562,-0.18709255754947662,2.518101930618286
515,1,0,-0.1427006870508194,-0.9660875797271729,-0.18937282264232635,2.6208369731903076
516,1,0,-0.18266083300113678,-0.9741000533103943,-0.19109363853931427,2.750596284866333
517,1,0,-0.19071359932422638,-0.9882633090019226,-0.18390798568725586,2.7974913120269775
518,1,0,-0.1853223592042923,-0.9822001457214355,-0.17040632665157318,2.7388885021209717
519,1,0,-0.08337607979774475,-0.7013506889343262,-0.10299738496541977,1.9516276121139526
521,6,0,-0.08367609977722168,-0.5745767951011658,0.020168239250779152,2.49957013130188
522,6,0,-0.05597617104649544,-0.5364421010017395,0.027966225519776344,2.4492838382720947
550,1,0,-0.012128387577831745,-0.9436142444610596,-0.13413339853286743,2.6829259395599365
551,1,0,0.005695069208741188,-0.8855641484260559,-0.13234134018421173,2.6142029762268066
552,1,0,0.023196443915367126,-0.8827905058860779,-0.13187527656555176,2.6136457920074463
553,1,0,0.021383365616202354,-0.8735690116882324,-0.1253022998571396,2.576916456222534
554,1,0,0.01430386584252119,-0.8665129542350769,-0.12620685994625092,2.5611979961395264
555,1,0,0.020180322229862213,-0.8832614421844482,-0.13499216735363007,2.5639965534210205
556,1,0,0.040231093764305115,-0.9011566042900085,-0.1366717666387558,2.5346646308898926
557,1,0,0.046792905777692795,-0.9138832688331604,-0.1166887879371643,2.469559907913208
558,1,0,0.06748076528310776,-0.8387830853462219,-0.07844904810190201,2.192763090133667
559,1,0,0.1177452802658081,-0.5044834613800049,-0.050763726234436035,1.3572754859924316
595,1,0,0.09464383125305176,-0.5792922973632812,-0.08606049418449402,1.6632262468338013
596,1,0,0.0177550558000803,-0.8194786906242371,-0.09507738798856735,2.542799234390259
597,1,0,0.013804860413074493,-0.7630382180213928,-0.08752606064081192,2.406914710998535
598,1,0,0.03154414892196655,-0.8085794448852539,-0.09610392898321152,2.4314353466033936
599,1,0,0.02751813270151615,-0.8856440186500549,-0.0994579866528511,2.2600739002227783
600,1,0,-0.08850818127393723,-0.666443407535553,-0.00808010995388031,1.3192135095596313
601,1,0,-0.062171563506126404,-0.7615638375282288,-0.024329563602805138,1.7954201698303223
602,1,0,-0.04350073263049126,-0.8672248721122742,-0.05159592628479004,2.1824820041656494
603,1,0,-0.041697610169649124,-0.8988168835639954,-0.07130566239356995,2.4465534687042236
604,1,0,-0.03875651955604553,-0.9114763736724854,-0.0863298550248146,2.49367094039917
605,1,0,-0.01604614220559597,-0.9244503974914551,-0.07929433137178421,2.5643744468688965
606,1,0,-0.011850257404148579,-0.8901594281196594,-0.07543864846229553,2.4724133014678955
607,1,0,-0.0033262528013437986,-0.8538753390312195,-0.07466717809438705,2.3401052951812744
608,1,0,0.0032967012375593185,-0.9039866924285889,-0.08714983612298965,2.4126319885253906
609,1,0,0.014844636432826519,-0.9159533977508545,-0.09224168211221695,2.432274580001831
610,1,0,0.03594502806663513,-0.9181811213493347,-0.08244579285383224,2.5193886756896973
611,1,0,0.04380376636981964,-0.9411180019378662,-0.09583324193954468,2.6152868270874023
612,1,0,0.035909708589315414,-0.9406793117523193,-0.10226122289896011,2.585697889328003
613,1,0,0.03269541263580322,-0.9193878173828125,-0.08294865489006042,2.663558006286621
614,1,0,0.027295498177409172,-0.6343122124671936,-0.026468081399798393,1.8439546823501587
640,1,0,0.05070618912577629,-0.5093698501586914,-0.06093662604689598,1.536942481994629
641,1,0,0.04070255160331726,-0.8219850659370422,-0.10313529521226883,2.4692909717559814
642,1,0,0.0704849436879158,-0.8087841868400574,-0.08456883579492569,2.394573450088501
643,1,0,0.09355614334344864,-0.680664598941803,-0.05759165808558464,2.210385799407959
665,1,0,0.1315247267484665,-0.5899632573127747,-0.04948088154196739,1.523849368095398
666,1,0,0.11418551206588745,-0.9062573313713074,-0.1221056804060936,2.495211362838745
667,1,0,0.0966329276561737,-0.9234978556632996,-0.13273900747299194,2.514423131942749
668,1,0,0.11186990141868591,-0.9407100677490234,-0.12654489278793335,2.4622576236724854
669,1,0,0.13626544177532196,-0.6933092474937439,-0.07595990598201752,1.700729250907898
681,1,0,0.0761079266667366,-0.6857099533081055,-0.0965224876999855,2.4724082946777344
682,1,0,0.06893139332532883,-0.7742376327514648,-0.10627073049545288,2.44851016998291
683,1,0,0.06112976372241974,-0.8471369743347168,-0.12238365411758423,2.501580238342285
684,1,0,0.06325913220643997,-0.8588368892669678,-0.12118975073099136,2.4871435165405273
685,1,0,0.05730197951197624,-0.8640056252479553,-0.11881103366613388,2.4763426780700684
686,1,0,0.04605576768517494,-0.865831196308136,-0.12467518448829651,2.4512298107147217
687,1,0,0.03391252085566521,-0.8649250864982605,-0.1311914324760437,2.4576423168182373
688,1,0,0.029871707782149315,-0.8604090213775635,-0.13466845452785492,2.46156907081604
689,1,0,0.0005679682944901288,-0.8800126910209656,-0.13439762592315674,2.4993488788604736
690,1,0,0.00033027492463588715,-0.8995366096496582,-0.13081206381320953,2.4708220958709717
691,1,0,-0.005169950891286135,-0.9204025864601135,-0.12201136350631714,2.5021073818206787
692,1,0,0.0027773771435022354,-0.9066789150238037,-0.12985749542713165,2.481022834777832
693,1,0,0.0043763634748756886,-0.8926851153373718,-0.13360340893268585,2.473628282546997
694,1,0,0.0103775504976511,-0.8820953965187073,-0.1393871009349823,2.465540885925293
695,1,0,0.0045004370622336864,-0.8694027066230774,-0.13512639701366425,2.440333604812622
696,1,0,0.014343042857944965,-0.8809008002281189,-0.13771873712539673,2.4385266304016113
697,1,0,0.032370150089263916,-0.8750998973846436,-0.13491879403591156,2.461402416229248
698,1,0,0.05464788153767586,-0.8624329566955566,-0.13171826303005219,2.454040288925171
699,1,0,-0.005590933840721846,-0.9506170749664307,-0.13048918545246124,2.470102071762085
700,1,0,-0.03687245026230812,-0.9363267421722412,-0.09917757660150528,2.477766513824463
701,1,0,0.007721048314124346,-0.9309249520301819,-0.10836877673864365,2.4565868377685547
702,1,0,-0.004984317347407341,-0.9345760941505432,-0.1064443364739418,2.447028398513794
703,1,0,-0.0395861379802227,-0.9383959174156189,-0.09342801570892334,2.455444097518921
704,1,0,-0.045235659927129745,-0.762194812297821,-0.045173004269599915,1.7689961194992065
721,1,0,0.005684690084308386,-0.5351569652557373,-0.04374581575393677,0.49330851435661316
722,1,0,0.02099491097033024,-0.6269927620887756,-0.04718470945954323,0.7672991156578064
723,1,0,0.02660582959651947,-0.7767234444618225,-0.04965324327349663,1.851491093635559
724,1,0,0.005161182954907417,-0.8622381687164307,-0.08913622051477432,2.422980546951294
725,1,0,0.013904298655688763,-0.904712438583374,-0.10870170593261719,2.436551570892334
726,1,0,0.01538472343236208,-0.8986499309539795,-0.10999688506126404,2.388155698776245
727,1,0,0.016751237213611603,-0.8637483716011047,-0.10731353610754013,2.3056623935699463
728,1,0,0.034733355045318604,-0.8666301369667053,-0.12090202420949936,2.285236120223999
729,1,0,0.061997875571250916,-0.9061020016670227,-0.11854860931634903,2.3658995628356934
730,1,0,0.09100476652383804,-0.9519391059875488,-0.09522227197885513,2.3433408737182617
731,1,0,0.07882615178823471,-0.9601783752441406,-0.07986588776111603,2.2926933765411377
732,1,0,0.06952548772096634,-0.9576253294944763,-0.08373818546533585,2.3002991676330566
733,1,0,0.08118049055337906,-0.9619422554969788,-0.0772559866309166,2.2832190990448
734,1,0,0.1066398024559021,-0.7682920098304749,-0.021630242466926575,1.652474045753479
765,1,0,0.009970840066671371,-0.501721978187561,-0.04964575171470642,1.8187183141708374
766,1,0,-0.0064130970276892185,-0.7537520527839661,-0.09205901622772217,2.3823373317718506
767,1,0,-0.0019398685544729233,-0.8030538558959961,-0.0964818075299263,2.3613195419311523
768,1,0,-0.0002891322073992342,-0.7371185421943665,-0.08117613196372986,2.284865140914917
791,1,0,-0.01999971643090248,-0.8223691582679749,-0.12259616702795029,2.256521224975586
792,1,0,-0.0061838082037866116,-0.8343427777290344,-0.13202619552612305,2.2938525676727295
793,1,0,-0.008814740926027298,-0.8468108177185059,-0.12939077615737915,2.311917543411255
794,1,0,-0.009809143841266632,-0.8398361206054688,-0.12612460553646088,2.283167600631714
795,1,0,-0.011960111558437347,-0.8249532580375671,-0.12498693913221359,2.2791574001312256
796,1,0,-0.01797754503786564,-0.7906957268714905,-0.12285127490758896,2.2214832305908203
797,1,0,-0.013307499699294567,-0.7824411392211914,-0.12396690994501114,2.2283895015716553
798,1,0,-0.015329420566558838,-0.7873277068138123,-0.12579964101314545,2.2536118030548096
799,1,0,-0.09529956430196762,-0.875960648059845,-0.11356159299612045,2.2381858825683594
811,6,0,-0.2530999779701233,0.42266368865966797,0.1594269871711731,1.733585238456726
821,1,0,0.16149623692035675,-0.8321533203125,-0.08184660226106644,2.548513174057007
822,1,0,0.16471625864505768,-0.8770807385444641,-0.12387452274560928,2.603623151779175
823,1,0,0.16011346876621246,-0.8104474544525146,-0.09426052123308182,2.4832754135131836
828,6,0,-0.2672255039215088,0.37806469202041626,0.20217594504356384,1.7948992252349854
831,1,0,0.13321612775325775,-0.6597692370414734,-0.03108447790145874,2.176497459411621
832,1,0,0.1180543527007103,-0.776526689529419,-0.07162946462631226,2.339235305786133
833,1,0,0.12821395695209503,-0.85796719789505,-0.10313361883163452,2.400350332260132
834,1,0,0.15212439000606537,-0.8697049021720886,-0.12527136504650116,2.384410858154297
835,1,0,0.17140419781208038,-0.8417735695838928,-0.12906323373317719,2.279731512069702
836,1,0,0.19370877742767334,-0.8522946238517761,-0.1193145290017128,2.256565809249878
837,1,0,0.19140876829624176,-0.7572410702705383,-0.09614530950784683,1.6126984357833862
838,1,0,0.12188336998224258,-0.49501100182533264,-0.055133748799562454,0.8052375316619873
846,1,0,0.3189154267311096,-0.7574087977409363,-0.12916575372219086,2.232652425765991
847,1,0,0.2823985517024994,-0.7947797775268555,-0.13321495056152344,2.29850435256958
848,1,0,0.27097997069358826,-0.7925942540168762,-0.13209420442581177,2.288416624069214
849,1,0,0.19676201045513153,-0.863246500492096,-0.14431624114513397,2.2393038272857666
850,1,0,-0.031591977924108505,-0.8479130864143372,-0.13353802263736725,2.5873491764068604
851,1,0,0.07404493540525436,-0.7952601909637451,-0.12755806744098663,2.4922313690185547
852,1,0,0.07268227636814117,-0.7911553382873535,-0.12659771740436554,2.446505069732666
853,1,0,0.06586436927318573,-0.8260705471038818,-0.14568430185317993,2.511687994003296
854,1,0,0.05145765841007233,-0.8497593402862549,-0.15316040813922882,2.612246513366699
855,1,0,0.022738993167877197,-0.8361170887947083,-0.12961842119693756,2.6428990364074707
856,1,0,0.005081250797957182,-0.8548128008842468,-0.09580036252737045,2.742185592651367
857,1,0,0.04619462415575981,-0.8066718578338623,-0.07338277995586395,2.183298110961914
858,1,0,0.09393617510795593,-0.7173662185668945,-0.0677223950624466,1.3293150663375854
859,1,0,0.08441632241010666,-0.6815922856330872,-0.09114345163106918,1.4093900918960571
860,1,0,0.04075855389237404,-0.7535288333892822,-0.1173296570777893,2.244656562805176
861,1,0,-0.007876315154135227,-0.7743328213691711,-0.13690322637557983,2.501302719116211
862,1,0,-0.0316288061439991,-0.7657329440116882,-0.12651388347148895,2.565519094467163
863,1,0,-0.0020481750834733248,-0.7711971402168274,-0.11810264736413956,2.585015058517456
864,1,0,0.00613578362390399,-0.7516452670097351,-0.1084001436829567,2.499445915222168
865,1,0,-0.003701062873005867,-0.750403881072998,-0.10133970528841019,2.4654781818389893
866,1,0,-0.01604367606341839,-0.765832245349884,-0.10827792435884476,2.4532957077026367
867,1,0,-0.027663106098771095,-0.7590007781982422,-0.10816297680139542,2.4771440029144287
868,1,0,-0.011949890293180943,-0.7797067761421204,-0.11818806082010269,2.5055034160614014
869,1,0,0.0022672831546515226,-0.7772893905639648,-0.11811570078134537,2.518291473388672
870,1,0,0.0022371280938386917,-0.8237897753715515,-0.14252562820911407,2.6374523639678955
871,1,0,0.0053645167499780655,-0.8353021740913391,-0.15514440834522247,2.7052414417266846
872,1,0,0.005968445912003517,-0.826418399810791,-0.1485169380903244,2.6829445362091064
873,1,0,-0.0036544811446219683,-0.8230573534965515,-0.13888300955295563,2.632791042327881
874,1,0,-0.011977847665548325,-0.811439573764801,-0.13248075544834137,2.655846118927002
875,1,0,-0.01660090498626232,-0.7919952273368835,-0.128302201628685,2.6133151054382324
876,1,0,0.006319539621472359,-0.7754276394844055,-0.12365641444921494,2.630591869354248
877,1,0,0.00993521697819233,-0.8120136857032776,-0.1286383718252182,2.6874866485595703
878,1,0,0.010018693283200264,-0.8145074844360352,-0.12899933755397797,2.699169874191284
879,1,0,0.009920005686581135,-0.821784496307373,-0.13133050501346588,2.7298147678375244
880,1,0,0.02182815968990326,-0.8077032566070557,-0.12953625619411469,2.58093523979187
881,1,0,0.03069370985031128,-0.8368642330169678,-0.12813100218772888,2.6983325481414795
882,1,0,0.027563899755477905,-0.8294865489006042,-0.1306774616241455,2.615560531616211
883,1,0,0.026586567983031273,-0.8274161219596863,-0.13809658586978912,2.554143190383911
884,1,0,0.059832796454429626,-0.7686963081359863,-0.13295459747314453,1.9173275232315063
929,1,0,0.20663444697856903,-0.5352475047111511,-0.019496330991387367,1.5273081064224243
929,4,0,-0.07829784601926804,-0.6369361877441406,-0.2126767486333847,0.6912195086479187
930,4,0,-0.07766078412532806,-0.7889454364776611,-0.20725564658641815,1.2108583450317383
931,4,0,-0.07440901547670364,-0.8413490653038025,-0.18842743337154388,1.639076590538025
932,4,0,-0.07482632249593735,-0.8360950946807861,-0.1895197033882141,1.5385738611221313
933,4,0,-0.08159325271844864,-0.780482292175293,-0.1881989985704422,1.1813453435897827
934,4,0,-0.0638883039355278,-0.6035831570625305,-0.1771898716688156,0.4403909146785736
939,1,0,0.08450093120336533,-0.5512126088142395,-0.07143618911504745,0.6048905849456787
940,1,0,0.19931571185588837,-0.8182599544525146,-0.0920373797416687,2.083667755126953
941,1,0,0.22451843321323395,-0.9141659736633301,-0.09948068857192993,2.751033067703247
942,1,0,0.2233521193265915,-0.9149507880210876,-0.10286381095647812,2.731809616088867
943,1,0,0.22761549055576324,-0.8942831158638,-0.10459702461957932,2.689551591873169
944,1,0,0.21781152486801147,-0.8611004948616028,-0.10441329330205917,2.573119878768921
945,1,0,0.21692247688770294,-0.8648839592933655,-0.11029601097106934,2.5583713054656982
946,1,0,0.2210213989019394,-0.8642562031745911,-0.11052166670560837,2.5958468914031982
947,1,0,0.22563065588474274,-0.854481041431427,-0.1065070629119873,2.6100149154663086
948,1,0,0.23376838862895966,-0.8751905560493469,-0.11046019196510315,2.664743185043335
949,1,0,0.20618504285812378,-0.8840219378471375,-0.1061752438545227,2.530399799346924
950,1,0,0.0710514560341835,-0.8868561387062073,-0.14997658133506775,2.146897315979004
951,1,0,0.12860219180583954,-0.8972989916801453,-0.15035735070705414,2.0234487056732178
952,1,0,0.1298467069864273,-0.8827263712882996,-0.15137265622615814,1.97557532787323
953,1,0,0.1368529051542282,-0.8925248980522156,-0.15226049721240997,1.9812617301940918
954,1,0,0.14669568836688995,-0.9064517021179199,-0.15576188266277313,2.017547845840454
955,1,0,0.1491665542125702,-0.9158571362495422,-0.15349571406841278,1.9907350540161133
956,1,0,0.13553251326084137,-0.9208225607872009,-0.1592113971710205,1.956599235534668
957,1,0,0.09734334796667099,-0.9351096749305725,-0.1616118997335434,1.9875555038452148
958,1,0,0.06843239814043045,-0.9062787890434265,-0.15694119036197662,1.8657974004745483
959,1,0,0.048089537769556046,-0.6107636094093323,-0.09493464231491089,1.3206876516342163
998,1,0,0.1606542468070984,-0.673023521900177,-0.09321245551109314,1.477887511253357
999,1,0,0.15366899967193604,-0.6446280479431152,-0.09789691120386124,1.3488597869873047
1000,1,0,0.04547598958015442,-0.9629871845245361,-0.18057958781719208,2.2406809329986572
1001,1,0,0.09249303489923477,-0.9075419902801514,-0.16275037825107574,2.1969118118286133
1002,1,0,0.0769427940249443,-0.9195346832275391,-0.16144569218158722,2.202214479446411
1003,1,0,0.08678098767995834,-0.9060195088386536,-0.15699945390224457,2.1652185916900635
1004,1,0,0.09657344967126846,-0.8846227526664734,-0.15439653396606445,2.157841682434082
1005,1,0,0.10105664283037186,-0.8923457264900208,-0.15755204856395721,2.169149398803711
1006,1,0,0.0936516746878624,-0.9091470241546631,-0.1610371470451355,2.174947500228882
1007,1,0,0.07916271686553955,-0.9028204083442688,-0.15419574081897736,2.135545015335083
1008,1,0,0.05912087857723236,-0.894662082195282,-0.14486734569072723,2.1504828929901123
1009,1,0,0.04906120523810387,-0.8875066637992859,-0.14360491931438446,2.1272804737091064
1010,1,0,0.06404916942119598,-0.8586252331733704,-0.15276391804218292,2.098862409591675
1011,1,0,0.07791341096162796,-0.8515645861625671,-0.1562499850988388,2.0970711708068848
1012,1,0,0.08911272138357162,-0.854222297668457,-0.15991537272930145,2.1148273944854736
1013,1,0,0.09783506393432617,-0.8492695689201355,-0.1596069484949112,2.1226837635040283
1014,1,0,0.10193834453821182,-0.864475429058075,-0.16476275026798248,2.13870906829834
1015,1,0,0.1125999316573143,-0.8838412165641785,-0.16627293825149536,2.164355516433716
1016,1,0,0.11946103721857071,-0.8494415879249573,-0.14680266380310059,2.2227895259857178
1017,1,0,0.1061803475022316,-0.7727598547935486,-0.11564230918884277,2.014238119125366
1018,1,0,0.09458035230636597,-0.688459575176239,-0.09396413713693619,1.719103455543518
1019,1,0,0.10367587953805923,-0.650867223739624,-0.08860993385314941,1.3266466856002808
1025,1,0,0.069155253469944,-0.7520406246185303,-0.13647620379924774,1.5583137273788452
1026,1,0,0.07623781263828278,-0.8617090582847595,-0.15322421491146088,2.0539956092834473
1027,1,0,0.08243315666913986,-0.8488752841949463,-0.14827245473861694,2.0354838371276855
1028,1,0,0.07293163985013962,-0.8644408583641052,-0.14870919287204742,2.069767475128174
1029,1,0,0.07139845192432404,-0.870252788066864,-0.14371205866336823,2.084583282470703
1030,1,0,0.06576916575431824,-0.7952728271484375,-0.1200309470295906,2.0654513835906982
1031,1,0,0.061790138483047485,-0.8010697960853577,-0.11390586942434311,2.1532390117645264
1032,1,0,0.07398716360330582,-0.8156782984733582,-0.12223279476165771,2.1252448558807373
1033,1,0,0.08961843699216843,-0.838939368724823,-0.13367421925067902,2.166513442993164
1034,1,0,0.099637471139431,-0.8551042675971985,-0.13886778056621552,2.2369346618652344
1035,1,0,0.09854713082313538,-0.7771465182304382,-0.11966705322265625,1.8291877508163452
1036,1,0,0.09689703583717346,-0.5812461972236633,-0.07817234098911285,0.7738289833068848
1045,1,0,0.0690627470612526,-0.7041009068489075,-0.11435562372207642,1.5515599250793457
1046,1,0,0.04416560009121895,-0.8423371315002441,-0.14017362892627716,2.155925989151001
1047,1,0,0.04045456647872925,-0.8197717666625977,-0.1361750215291977,2.127095937728882
1048,1,0,0.021083077415823936,-0.8232833743095398,-0.13465271890163422,2.1361262798309326
1049,1,0,-0.02652813494205475,-0.8858417868614197,-0.14671988785266876,2.159381628036499
1050,1,0,0.006633448880165815,-1.0071938037872314,-0.13855363428592682,2.4892280101776123
1051,1,0,0.06099158897995949,-0.9540031552314758,-0.12506558001041412,2.457411050796509
1052,1,0,0.04404326155781746,-0.9654704928398132,-0.13437454402446747,2.4423320293426514
1053,1,0,0.03442490100860596,-0.9761185050010681,-0.14126507937908173,2.4344112873077393
1054,1,0,0.04172856733202934,-0.9819064140319824,-0.14191441237926483,2.457589626312256
1055,1,0,0.03916415199637413,-0.998678982257843,-0.15336211025714874,2.5090925693511963
1056,1,0,0.019842280074954033,-1.038902997970581,-0.168336883187294,2.468337059020996
1057,1,0,0.005318197887390852,-1.0336228609085083,-0.16505171358585358,1.8860950469970703
1058,1,0,0.020576968789100647,-0.9562428593635559,-0.15282052755355835,1.0291284322738647
1059,1,0,0.05652560293674469,-0.6275572776794434,-0.1046014055609703,0.491551011800766
1090,1,0,0.05061472952365875,-0.5275405645370483,-0.09757944196462631,0.8166187405586243
1091,1,0,-0.01435094978660345,-0.9697636961936951,-0.17244243621826172,1.6338108777999878
1092,1,0,-0.020248666405677795,-1.0278481245040894,-0.16662965714931488,2.4790401458740234
1093,1,0,-0.02478092722594738,-0.999411404132843,-0.17402271926403046,2.5028741359710693
1094,1,0,-0.016282321885228157,-0.9684721827507019,-0.16938169300556183,2.4298017024993896
1095,1,0,-0.004341779742389917,-0.9864196181297302,-0.17238229513168335,2.498844623565674
1096,1,0,0.025016291067004204,-0.9709007143974304,-0.1682189702987671,2.5599682331085205
1097,1,0,0.039214421063661575,-0.9537336230278015,-0.16359762847423553,2.5318562984466553
1098,1,0,0.04087826982140541,-0.9663726687431335,-0.16630065441131592,2.543623208999634
1099,1,0,-0.0573161356151104,-1.0771387815475464,-0.19012127816677094,2.6021833419799805
1100,1,0,0.07755915075540543,-0.7391484379768372,-0.14932502806186676,1.9006727933883667
1101,1,0,0.11273208260536194,-0.6748051643371582,-0.14592988789081573,1.579506516456604
1115,1,0,0.075654536485672,-0.5494475960731506,-0.1185864582657814,1.1614081859588623
1116,1,0,0.09419471770524979,-0.7493419051170349,-0.1522410362958908,1.9859355688095093
1117,1,0,0.09621609002351761,-0.7684950828552246,-0.1490238904953003,1.979620337486267
1118,1,0,0.10003995150327682,-0.7807967066764832,-0.1441061943769455,2.019801139831543
1119,1,0,0.09224125742912292,-0.7921411991119385,-0.14194779098033905,1.958150863647461
1120,1,0,0.10127504914999008,-0.8014523983001709,-0.14546871185302734,1.8813772201538086
1121,1,0,0.11260519176721573,-0.8038337826728821,-0.1483989953994751,1.8799980878829956
1122,1,0,0.1197386384010315,-0.819176435470581,-0.15108521282672882,1.8346558809280396
1123,1,0,0.11999991536140442,-0.8170673251152039,-0.1532098948955536,1.7784032821655273
1124,1,0,0.11187665909528732,-0.7900691032409668,-0.14908884465694427,1.7046250104904175
1125,1,0,0.11593848466873169,-0.8011905550956726,-0.1516452431678772,1.7438825368881226
1126,1,0,0.11943203955888748,-0.8172626495361328,-0.1529678851366043,1.8594903945922852
1127,1,0,0.11566084623336792,-0.8100428581237793,-0.15048988163471222,1.846798300743103
1128,1,0,0.102785624563694,-0.7593199610710144,-0.13830910623073578,1.3984733819961548
1129,1,0,0.12346824258565903,-0.556498646736145,-0.09154089540243149,0.5870711803436279
1154,1,0,0.16413241624832153,-0.6421696543693542,-0.09764403849840164,0.7939677834510803
1155,1,0,0.1488698124885559,-0.8325358033180237,-0.1323961615562439,1.9161485433578491
1156,1,0,0.1350175142288208,-0.8367994427680969,-0.14324162900447845,2.0379137992858887
1157,1,0,0.13719677925109863,-0.8255038261413574,-0.13586847484111786,1.9746395349502563
1158,1,0,0.14321039617061615,-0.8608732223510742,-0.14190484583377838,2.01141619682312
1159,1,0,0.13880978524684906,-0.8728511333465576,-0.14155183732509613,1.9444317817687988
1160,1,0,0.12543809413909912,-0.8511290550231934,-0.14120221138000488,1.8322111368179321
1161,1,0,0.12152638286352158,-0.8129220008850098,-0.13676592707633972,1.8223237991333008
1162,1,0,0.12599001824855804,-0.8671134114265442,-0.1533820778131485,1.9325684309005737
1163,1,0,0.12490823864936829,-0.8754115700721741,-0.153814435005188,1.9096565246582031
1164,1,0,0.13005007803440094,-0.8268083930015564,-0.13153700530529022,1.4446682929992676
1165,1,0,0.1478719413280487,-0.5298601984977722,-0.06124265864491463,0.5150498151779175
1175,1,0,0.1379874348640442,-0.4962817132472992,-0.077700175344944,0.46375834941864014
1176,1,0,0.10928291082382202,-0.7878231406211853,-0.12639667093753815,1.562731385231018
1177,1,0,0.09228958934545517,-0.8597628474235535,-0.14677083492279053,2.073068857192993
1178,1,0,0.07721050828695297,-0.8707720637321472,-0.1585117131471634,2.064427614212036
1179,1,0,0.0834585428237915,-0.8920698165893555,-0.16435523331165314,1.9623626470565796
1180,1,0,0.08723866939544678,-0.9116165637969971,-0.16817478835582733,1.741796851158142
1181,1,0,0.09351103752851486,-0.918626070022583,-0.1707712560892105,1.6891855001449585
1182,1,0,0.08893903344869614,-0.9192755818367004,-0.16943569481372833,1.6922725439071655
1183,1,0,0.09218195825815201,-0.9202789664268494,-0.16633588075637817,1.7089290618896484
1184,1,0,0.0980905294418335,-0.9183838963508606,-0.1664876490831375,1.7172163724899292
1185,1,0,0.10997629165649414,-0.9224166870117188,-0.16280628740787506,1.7436450719833374
1186,1,0,0.11707592010498047,-0.9020777344703674,-0.1540919989347458,1.542162537574768
1187,1,0,0.12451660633087158,-0.7518291473388672,-0.12505094707012177,0.7682781219482422
1188,1,0,0.14556758105754852,-0.5108163952827454,-0.08688122034072876,0.3273950517177582
1225,1,0,0.1739010065793991,-0.531596839427948,-0.09699953347444534,1.2543983459472656
1226,1,0,0.21715688705444336,-0.7284808158874512,-0.14145898818969727,1.9262018203735352
1227,1,0,0.2140682488679886,-0.7635689377784729,-0.13519883155822754,2.159205198287964
1228,1,0,0.20818942785263062,-0.781054675579071,-0.12682224810123444,2.2309353351593018
1229,1,0,0.19792430102825165,-0.7978408932685852,-0.11595479398965836,2.1953742504119873
1230,1,0,0.1778477281332016,-0.8158969879150391,-0.10912305861711502,2.2593133449554443
1231,1,0,0.15181474387645721,-0.8483574390411377,-0.11749782413244247,2.2622220516204834
1232,1,0,0.1390337496995926,-0.8562130928039551,-0.1183355525135994,2.2765703201293945
1233,1,0,0.137440025806427,-0.8632875084877014,-0.11590367555618286,2.253462076187134
1234,1,0,0.15304875373840332,-0.8740747570991516,-0.11807569116353989,2.239309072494507
1235,1,0,0.16288228332996368,-0.8516337275505066,-0.11317910999059677,2.2125351428985596
1236,1,0,0.1840837150812149,-0.8168538212776184,-0.1150180920958519,2.2476131916046143
1237,1,0,0.2033795267343521,-0.8269109725952148,-0.12059982866048813,2.336381673812866
1238,1,0,0.20997221767902374,-0.8350823521614075,-0.11981996893882751,2.345723867416382
1239,1,0,0.19488681852817535,-0.8451642990112305,-0.12041793018579483,2.304095983505249
1240,1,0,0.1750236302614212,-0.8901164531707764,-0.13520818948745728,2.1675236225128174
1241,1,0,0.1699882298707962,-0.8915939927101135,-0.13893446326255798,2.127575635910034
1242,1,0,0.1608230024576187,-0.8641412854194641,-0.13601087033748627,2.158137559890747
1243,1,0,0.1514713168144226,-0.8201538920402527,-0.1290987879037857,2.1355974674224854
1244,1,0,0.13797889649868011,-0.8451253771781921,-0.12849847972393036,2.180453062057495
1245,1,0,0.1271880865097046,-0.847483217716217,-0.12434610724449158,2.1174821853637695
1246,1,0,0.13165615499019623,-0.8480086922645569,-0.12129730731248856,2.0191638469696045
1247,1,0,0.12305116653442383,-0.8461820483207703,-0.12431994825601578,1.9738993644714355
1248,1,0,0.11394274234771729,-0.857744038105011,-0.13278140127658844,2.0030360221862793
1249,1,0,0.09496461600065231,-0.9381625056266785,-0.15883158147335052,2.066145181655884
1250,1,0,0.06588760763406754,-0.9076641201972961,-0.14094851911067963,2.1246683597564697
1251,1,0,0.11729586124420166,-0.9174894690513611,-0.13336867094039917,2.1803979873657227
1252,1,0,0.1163717731833458,-0.91420578956604,-0.1383158564567566,2.2025225162506104
1253,1,0,0.1077171191573143,-0.9153249859809875,-0.14500856399536133,2.193510055541992
1254,1,0,0.07660287618637085,-0.9216098785400391,-0.163049578666687,2.1790740489959717
1255,1,0,0.01758112944662571,-0.8615593314170837,-0.16252349317073822,1.6711918115615845
1256,1,0,0.042910728603601456,-0.7750174403190613,-0.15109360218048096,0.7434382438659668
1257,1,0,0.08812996000051498,-0.6636213064193726,-0.11410657316446304,0.3233902156352997
1258,1,0,0.0950884222984314,-0.5864692330360413,-0.08980142325162888,0.19917036592960358
1300,1,0,-0.16601665318012238,-0.8748841285705566,-0.19482560455799103,2.1039867401123047
1301,1,0,-0.11060643196105957,-0.8959531188011169,-0.1822468638420105,2.129540205001831
1302,1,0,-0.0536939799785614,-0.9562470316886902,-0.17967748641967773,2.2373969554901123
1303,1,0,-0.01764286682009697,-0.9505788683891296,-0.1903427690267563,2.1941747665405273
1304,1,0,-0.027773937210440636,-0.9352371692657471,-0.1929718255996704,2.159898519515991
1305,1,0,-0.010475055314600468,-0.9517986178398132,-0.190506711602211,2.138120651245117
1306,1,0,0.01563042588531971,-0.9663874506950378,-0.18285305798053741,2.1267900466918945
1307,1,0,0.017306556925177574,-0.9852120280265808,-0.1818389892578125,2.0919291973114014
1308,1,0,0.00282483734190464,-0.9766960144042969,-0.18860740959644318,2.00846791267395
1309,1,0,-0.03469347581267357,-0.6939873099327087,-0.14346729218959808,1.4037572145462036
1345,1,0,0.017548007890582085,-0.5252721309661865,-0.1169891357421875,1.0256179571151733
1346,1,0,-0.0025230005849152803,-0.8451704978942871,-0.1530703753232956,2.066815137863159
1347,1,0,0.01891503296792507,-0.8909776210784912,-0.16073526442050934,2.1094539165496826
1348,1,0,0.025704510509967804,-0.8890480995178223,-0.166936993598938,2.1166799068450928
1349,1,0,-0.06317660212516785,-0.9261054992675781,-0.1901886910200119,2.1742870807647705
1352,1,0,0.08031663298606873,-0.6342698335647583,-0.08237962424755096,1.4851287603378296
1353,1,0,0.09161099046468735,-0.8152874112129211,-0.09833672642707825,2.295105218887329
1354,1,0,0.11515793949365616,-0.891041100025177,-0.10262194275856018,2.2033417224884033
1355,1,0,0.11238453537225723,-0.8876000046730042,-0.09837430715560913,2.2297656536102295
1356,1,0,0.11683303117752075,-0.8751931190490723,-0.0996062383055687,2.204533815383911
1357,1,0,0.12538200616836548,-0.8783994317054749,-0.09997335821390152,2.179060697555542
1358,1,0,0.11854483932256699,-0.8938637375831604,-0.10356190800666809,2.207374095916748
1359,1,0,0.12349166721105576,-0.9140930771827698,-0.11098188161849976,2.196550130844116
1360,1,0,0.11115672439336777,-0.9069638252258301,-0.10940799862146378,2.132108211517334
1361,1,0,0.10617220401763916,-0.9243655204772949,-0.11634548753499985,2.1285030841827393
1362,1,0,0.10170888155698776,-0.9357431530952454,-0.11824681609869003,2.177706003189087
1363,1,0,0.10057004541158676,-0.921781063079834,-0.1129995584487915,2.1459529399871826
1364,1,0,0.10252216458320618,-0.9174559116363525,-0.11184094101190567,2.150146484375
1365,1,0,0.1130884513258934,-0.9038904309272766,-0.107755146920681,2.1422388553619385
1366,1,0,0.1291266828775406,-0.9188693165779114,-0.10733310133218765,2.165560483932495
1367,1,0,0.11602755635976791,-0.952366828918457,-0.11771535873413086,2.2175681591033936
1368,1,0,0.0831942930817604,-0.9483955502510071,-0.11903812736272812,2.1616785526275635
1369,1,0,0.06136107072234154,-0.6584964394569397,-0.07494824379682541,1.4275245666503906
1381,1,0,0.001170199946500361,-0.8768245577812195,-0.1315142959356308,2.2825920581817627
1382,1,0,0.019445503130555153,-0.866595983505249,-0.12679900228977203,2.1271932125091553
1383,1,0,0.04704130068421364,-0.830028235912323,-0.12253368645906448,1.779821753501892
1384,1,0,0.07208921760320663,-0.8783676028251648,-0.12761925160884857,2.2016828060150146
1385,1,0,0.09588374942541122,-0.9102997779846191,-0.12482327222824097,2.213404893875122
1386,1,0,0.11121594905853271,-0.930198609828949,-0.12242043018341064,2.239642858505249
1387,1,0,0.11466260999441147,-0.947467029094696,-0.12371379137039185,2.246159315109253
1388,1,0,0.10113117843866348,-0.9357965588569641,-0.12054891139268875,2.2171790599823
1389,1,0,0.09493496268987656,-0.6870808601379395,-0.08372554928064346,1.601007342338562
