36,1,0,0.07265102118253708,0.513988196849823,0.03886866196990013,5.929418563842773
37,1,0,0.09053435176610947,0.5094777345657349,0.040094755589962006,5.981533050537109
38,0,0,0.5256721377372742,-0.02510688081383705,0.012886878103017807,3.7342236042022705
39,0,0,0.5360119938850403,0.0008611087687313557,0.014069157652556896,4.0442891120910645
40,0,0,0.6604089140892029,0.021120509132742882,0.012355814687907696,4.621507167816162
41,0,0,0.6705842018127441,-0.012027272023260593,0.012868966907262802,4.821754455566406
42,0,0,0.7236859798431396,-0.03419804945588112,0.015296179801225662,5.102268218994141
43,0,0,0.7961721420288086,-0.015107721090316772,0.01139684859663248,5.320035934448242
44,0,0,0.8518306612968445,-0.014192372560501099,0.007193137425929308,5.342410564422607
45,0,0,0.9245152473449707,-0.009645973332226276,-0.00013715385284740478,5.21728515625
46,0,0,0.9418085217475891,-0.008733336813747883,-0.00034815826802514493,5.200997829437256
47,0,0,0.9290680289268494,0.014391452074050903,-0.0012756831711158156,5.276526927947998
48,0,0,0.9873266220092773,-0.00011236282443860546,-3.2662879675626755e-05,5.448080539703369
49,0,0,0.6804201006889343,0.10507871955633163,0.01893017627298832,4.50447416305542
50,1,0,1.1635228395462036,-0.3530847132205963,-0.017690738663077354,4.045372486114502
51,1,0,1.1776987314224243,-0.37709304690361023,-0.02856847457587719,4.119913578033447
52,1,0,1.1098393201828003,-0.3112136423587799,-0.019927866756916046,3.947477340698242
53,1,0,1.1924198865890503,-0.39576077461242676,-0.009274479933083057,4.003303050994873
54,1,0,1.1692918539047241,-0.39062389731407166,-0.01319811400026083,3.9931890964508057
55,1,0,1.1624120473861694,-0.3842731714248657,-0.010564242489635944,3.9711761474609375
56,1,0,1.1736807823181152,-0.3819634020328522,-0.00565829873085022,3.9823977947235107
57,0,0,0.45805516839027405,-0.3061569333076477,0.013012398034334183,2.6388635635375977
57,1,0,1.1210100650787354,-0.3270760774612427,-0.006094835232943296,3.8167810440063477
58,0,0,0.6065101027488708,-0.3996095657348633,0.013049309141933918,3.383047103881836
58,1,0,1.053789734840393,-0.2792339324951172,-0.01771324872970581,3.594275712966919
59,0,0,0.6410632729530334,-0.4136699140071869,0.01210090983659029,3.4181745052337646
59,1,0,1.0285978317260742,-0.2544625699520111,-0.020140109583735466,3.535599708557129
59,4,0,0.5105530023574829,-0.06721699982881546,0.010748241096735,3.7913389205932617
60,0,0,0.6117415428161621,-0.3601650893688202,0.010896201245486736,2.9302070140838623
60,1,0,1.0329923629760742,-0.22777913510799408,-0.006810036022216082,3.6185028553009033
60,4,0,0.5393922924995422,-0.041374653577804565,0.01419259887188673,4.046702861785889
61,0,0,0.6978748440742493,-0.40921568870544434,0.013057473115622997,3.32597279548645
61,1,0,0.989573061466217,-0.23660413920879364,-0.006784440483897924,3.5342586040496826
62,0,0,0.5644934177398682,-0.36510133743286133,0.015075474977493286,3.018322229385376
62,1,0,1.0676456689834595,-0.29511892795562744,-0.0012453385861590505,3.7240562438964844
63,0,0,0.5171077251434326,-0.35259684920310974,0.013734429143369198,2.926013231277466
63,1,0,1.0926810503005981,-0.30262264609336853,-0.006191810593008995,3.767857789993286
64,0,0,0.5497820377349854,-0.3754309415817261,0.015416624955832958,3.3224613666534424
64,1,0,1.071437954902649,-0.2706010043621063,-0.009021350182592869,3.66032338142395
65,0,0,0.5772750377655029,-0.3716142177581787,0.013335444033145905,3.6227023601531982
65,1,0,1.0483092069625854,-0.22261373698711395,-0.014073078520596027,3.561655044555664
66,0,0,0.6528686285018921,-0.38335856795310974,0.012531069107353687,3.8364903926849365
66,1,0,0.9982436299324036,-0.1787519007921219,-0.017769724130630493,3.4620561599731445
67,0,0,0.6130332946777344,-0.3420277535915375,0.012626337818801403,3.7566709518432617
67,1,0,1.0301040410995483,-0.17287522554397583,-0.009945220313966274,3.50726580619812
68,0,0,0.6018432974815369,-0.3049369156360626,0.010089960880577564,3.6705238819122314
68,1,0,1.028849720954895,-0.2128828763961792,-0.0045443144626915455,3.4903366565704346
69,0,0,0.6073361039161682,-0.31493639945983887,0.011127780191600323,3.6692543029785156
69,1,0,1.0144585371017456,-0.2236236333847046,-0.007336759939789772,3.4518344402313232
70,0,0,0.6130092740058899,-0.33429834246635437,0.00963951088488102,3.692368268966675
70,1,0,0.9911267161369324,-0.1975681334733963,-0.014955318532884121,3.4099254608154297
71,0,0,0.6275195479393005,-0.3451327085494995,0.010207735933363438,3.7351291179656982
71,1,0,0.9805189967155457,-0.1969441920518875,-0.011487091891467571,3.3111038208007812
72,0,0,0.6462072730064392,-0.36924734711647034,0.012304986827075481,3.7645771503448486
72,1,0,0.9867075085639954,-0.23585547506809235,-0.011655744165182114,3.299799680709839
73,0,0,0.6300590634346008,-0.36909493803977966,0.012808007188141346,3.7558319568634033
73,1,0,0.9827446341514587,-0.24756039679050446,-0.01218059379607439,3.325363874435425
74,0,0,0.6033467650413513,-0.3432103097438812,0.01090293750166893,3.6009929180145264
74,1,0,1.0594147443771362,-0.27720847725868225,-0.007549542933702469,3.5167949199676514
75,0,0,0.6065848469734192,-0.31475162506103516,0.0062572588212788105,3.3678090572357178
75,1,0,1.0760668516159058,-0.26503172516822815,-0.00284789502620697,3.61112904548645
76,0,0,0.5322757363319397,-0.2914983630180359,0.007014426868408918,2.937546730041504
76,1,0,1.1206475496292114,-0.284358412027359,-0.004550084006041288,3.71745228767395
77,1,0,1.1807020902633667,-0.3256530463695526,-0.0043281433172523975,3.8978681564331055
78,1,0,1.2023696899414062,-0.35634908080101013,-0.004214838612824678,4.005929470062256
79,1,0,1.1761986017227173,-0.3384319543838501,-0.005343988537788391,3.9364871978759766
80,1,0,1.1326013803482056,-0.3139418959617615,-0.0036359236110001802,3.795792579650879
81,1,0,1.1118470430374146,-0.2751506268978119,-0.009006057865917683,3.7845370769500732
81,4,0,0.5046040415763855,-0.06929869949817657,0.01765221357345581,4.725470542907715
82,1,0,1.1150636672973633,-0.2550541162490845,-0.010998585261404514,3.8349666595458984
82,4,0,0.5298872590065002,-0.05720190331339836,0.016706524416804314,4.65185546875
83,1,0,1.1132780313491821,-0.24804729223251343,-0.005225392058491707,3.8373584747314453
83,4,0,0.5173039436340332,-0.007425789255648851,0.017882371321320534,4.643679618835449
84,1,0,1.1332374811172485,-0.28808608651161194,-0.00284546404145658,3.863536834716797
84,4,0,0.5707780122756958,-0.01316700130701065,0.017505843192338943,4.633660316467285
85,1,0,1.1467012166976929,-0.22761286795139313,-0.015426624566316605,3.9636261463165283
85,4,0,0.6252924799919128,-0.05650894716382027,0.013570533134043217,4.6066508293151855
86,1,0,1.1692103147506714,-0.2589323818683624,-0.011729024350643158,4.001589298248291
86,4,0,0.5872507095336914,-0.022243289276957512,0.014680956490337849,4.594212055206299
87,1,0,1.1700457334518433,-0.24932654201984406,-0.010969274677336216,4.0106306076049805
87,4,0,0.5739476680755615,-0.03807034343481064,0.014196893200278282,4.512892723083496
88,1,0,1.16118323802948,-0.24806134402751923,-0.012541979551315308,4.006017208099365
88,4,0,0.5674031972885132,-0.046185217797756195,0.013651224784553051,4.473189353942871
89,1,0,1.1426621675491333,-0.22451920807361603,-0.01637706533074379,4.021340847015381
89,4,0,0.5712089538574219,-0.05676165968179703,0.01284639723598957,4.461460113525391
90,1,0,1.1435946226119995,-0.24834637343883514,-0.015578619204461575,3.985820770263672
90,4,0,0.566726803779602,-0.061689894646406174,0.013098254799842834,4.575078964233398
91,1,0,1.0932286977767944,-0.2752823829650879,-0.01071795355528593,3.750800848007202
92,1,0,0.9976284503936768,-0.2569117546081543,-0.004839294124394655,3.419417381286621
93,1,0,0.6630243062973022,-0.13384483754634857,0.0031736816745251417,2.4428539276123047
94,1,0,0.6012728810310364,-0.06904181838035583,0.003977058455348015,2.3592052459716797
95,1,0,0.6196914315223694,-0.0767962783575058,0.009562705643475056,2.454838991165161
96,1,0,0.7195493578910828,-0.07550180703401566,-0.000627946516033262,2.8769352436065674
96,4,0,0.4869346022605896,-0.11476105451583862,0.024360066279768944,5.288961887359619
97,1,0,0.49657687544822693,-0.062127940356731415,0.003709109267219901,2.0699429512023926
97,4,0,0.5023009777069092,-0.1300765872001648,0.025408782064914703,5.59029483795166
103,0,0,0.4445575773715973,0.6881148219108582,0.0168292298913002,4.605258464813232
104,0,0,0.4998464584350586,0.846917450428009,0.017512045800685883,5.1102776527404785
105,0,0,0.5255380868911743,0.8251475691795349,0.015604041516780853,5.265378475189209
106,0,0,0.48832449316978455,0.8379018902778625,0.012039910070598125,5.329270839691162
107,0,0,0.4659396708011627,0.8251903057098389,0.013700447976589203,5.401676177978516
108,0,0,0.4540135860443115,0.8264610171318054,0.017199115827679634,5.488046169281006
109,0,0,0.47078290581703186,0.7852643132209778,0.0135372094810009,5.419485092163086
110,0,0,0.4290752410888672,0.7010664939880371,0.015281863510608673,5.389337062835693
111,0,0,0.504589319229126,0.7230324745178223,0.013775725848972797,5.38897705078125
112,0,0,0.5949554443359375,0.726372241973877,0.010876469314098358,5.327457427978516
113,0,0,0.5882410407066345,0.7745399475097656,0.006870395969599485,5.34301233291626
114,0,0,0.6070102453231812,0.7814617156982422,0.0010498807532712817,5.2513861656188965
115,0,0,0.6104910373687744,0.7711188793182373,0.0034803084563463926,5.279177188873291
116,0,0,0.6236234307289124,0.801983654499054,0.00739772105589509,5.366662502288818
117,0,0,0.5103117823600769,0.828563392162323,0.006795524153858423,5.356025695800781
118,0,0,0.5254154205322266,0.8113656640052795,0.005264947656542063,5.351594924926758
119,0,0,0.5526297092437744,0.7961583137512207,0.008981441147625446,5.565819263458252
120,0,0,0.6808125376701355,0.7768036723136902,0.007682513445615768,5.299686431884766
121,0,0,0.5984984040260315,0.8183013796806335,0.0038999372627586126,5.225581645965576
122,0,0,0.634857714176178,0.8076410293579102,-0.0015574911376461387,5.156274795532227
123,0,0,0.6673674583435059,0.8038119673728943,0.0005506876041181386,5.221194744110107
124,0,0,0.6479083895683289,0.820844829082489,-0.004014028701931238,5.235507965087891
125,0,0,0.6478089690208435,0.8256341814994812,-0.004377603996545076,5.251322269439697
126,0,0,0.6921303868293762,0.8315065503120422,-0.002670006128028035,5.305164337158203
127,0,0,0.736912190914154,0.8205358982086182,0.001290621585212648,5.332799911499023
128,0,0,0.6822642683982849,0.8154212832450867,0.0015747640281915665,5.281797885894775
129,0,0,0.6687443256378174,0.812807023525238,0.004974585026502609,5.331636905670166
130,0,0,0.6879097819328308,0.8113124966621399,0.007068076636642218,5.5457234382629395
131,0,0,0.7243147492408752,0.8019840121269226,0.006550002843141556,5.443861484527588
132,0,0,0.6296360492706299,0.8200133442878723,0.00726240873336792,5.396364688873291
133,0,0,0.6056836247444153,0.7548959255218506,0.007336168084293604,5.3403496742248535
134,0,0,0.5811867117881775,0.7126905918121338,0.008931474760174751,5.313935279846191
135,0,0,0.6015359163284302,0.7232682704925537,0.012370954267680645,5.379150390625
136,0,0,0.6237916946411133,0.7287624478340149,0.012047004885971546,5.358764171600342
137,0,0,0.6221036911010742,0.7525935769081116,0.011599943041801453,5.372890472412109
138,0,0,0.5766039490699768,0.8049206733703613,0.006405901163816452,5.293519973754883
139,0,0,0.5687040686607361,0.8277933597564697,0.006914349738508463,5.512266635894775
140,0,0,0.5495975613594055,0.7749176621437073,0.005848126020282507,5.35354471206665
141,0,0,0.6839048266410828,0.8535330295562744,0.0019042855128645897,5.183113098144531
142,0,0,0.7421271800994873,0.8587818145751953,-0.005144563969224691,4.924749851226807
143,0,0,0.7549726963043213,0.8799840807914734,-0.005935924593359232,4.9427876472473145
144,0,0,0.7736970782279968,0.8887040019035339,-0.005946662742644548,4.926443576812744
145,0,0,0.7385766506195068,0.9075894951820374,-0.009468876756727695,4.931122779846191
146,0,0,0.7385154366493225,0.9292243123054504,-0.011293250136077404,4.901727199554443
147,0,0,0.7160375714302063,0.9904770255088806,-0.008891399018466473,4.970407962799072
148,0,0,0.6456258296966553,0.9923202395439148,-0.004398929420858622,5.038323879241943
149,0,0,0.3551197946071625,0.6108645796775818,-0.0034288049209862947,2.890080213546753
150,1,0,0.4785260856151581,0.19282253086566925,0.006921835709363222,5.488152980804443
151,1,0,0.46396559476852417,0.20942282676696777,0.007192099466919899,5.416120529174805
152,1,0,0.4768940806388855,0.21073609590530396,0.009816504083573818,4.998737335205078
155,1,0,0.48630332946777344,0.16953498125076294,0.00654829666018486,5.771998405456543
156,1,0,0.4944620728492737,0.18730957806110382,0.007881484925746918,5.712282657623291
157,1,0,0.5065181851387024,0.22203803062438965,0.009697691537439823,5.6606125831604
158,1,0,0.5006626844406128,0.2727433145046234,-0.0022073856089264154,5.434031963348389
159,1,0,0.49094903469085693,0.2720802128314972,-0.004884150344878435,5.337696075439453
160,1,0,0.4915626049041748,0.27076348662376404,-0.006747973617166281,5.436807155609131
161,1,0,0.46118199825286865,0.26475003361701965,0.003057813039049506,5.096751689910889
162,1,0,0.4553637206554413,0.25465652346611023,0.0005360955256037414,5.305931091308594
163,1,0,0.48538216948509216,0.245463564991951,0.0016569551080465317,5.4252800941467285
164,1,0,0.5271002650260925,0.2310587763786316,0.004336628597229719,5.489865779876709
165,1,0,0.5548898577690125,0.23266710340976715,0.004904207773506641,5.560461044311523
166,1,0,0.5474384427070618,0.23666174709796906,0.0055205547250807285,5.542346954345703
167,1,0,0.5512709021568298,0.25291696190834045,-0.003353814361616969,5.6185622215271
168,1,0,0.5415100455284119,0.23609618842601776,-0.009109660051763058,5.588411808013916
169,1,0,0.527965784072876,0.22511005401611328,-0.01103172916918993,5.5080108642578125
170,1,0,0.5079758167266846,0.20009495317935944,-0.004464367404580116,5.447391510009766
171,1,0,0.5706239938735962,0.2173869013786316,0.017152773216366768,5.817951202392578
172,1,0,0.5903889536857605,0.23864568769931793,0.012540488503873348,5.890373706817627
173,1,0,0.6069638729095459,0.25058579444885254,0.009185399860143661,5.974755764007568
174,1,0,0.6040515899658203,0.25961199402809143,0.008628088980913162,5.946239471435547
175,1,0,0.5933716297149658,0.2397371381521225,0.013885896652936935,5.860767364501953
176,1,0,0.6184735894203186,0.22358004748821259,0.0198612492531538,5.949684143066406
177,1,0,0.593343198299408,0.20134538412094116,0.020806090906262398,5.882890224456787
178,1,0,0.5656633973121643,0.21916913986206055,0.016598859801888466,5.8845295906066895
179,1,0,0.561441957950592,0.22290410101413727,0.01563623547554016,5.893066883087158
180,1,0,0.585918664932251,0.2413226217031479,0.013422854244709015,5.930843353271484
181,1,0,0.5969685316085815,0.24781323969364166,0.009014633484184742,5.970551013946533
182,1,0,0.5956799387931824,0.27276673913002014,0.004292961675673723,5.999307632446289
183,1,0,0.5787302851676941,0.27300429344177246,0.0016655301442369819,5.940261363983154
184,1,0,0.5550433993339539,0.2573269307613373,-0.001219285186380148,5.887393474578857
185,1,0,0.5495312809944153,0.26053717732429504,-0.003281928366050124,5.834259033203125
186,1,0,0.5272449851036072,0.259296178817749,-0.00523345684632659,5.745319366455078
186,4,0,0.49625521898269653,-0.16915300488471985,0.008513245731592178,3.7439141273498535
187,1,0,0.5277719497680664,0.26106444001197815,-0.0100817009806633,5.672679901123047
187,4,0,0.5047083497047424,-0.15588286519050598,0.008273855783045292,3.894110679626465
188,1,0,0.5235214829444885,0.26094937324523926,-0.008215450681746006,5.6105265617370605
188,4,0,0.5202177166938782,-0.16045552492141724,0.009542126208543777,4.0125555992126465
189,1,0,0.49624088406562805,0.244109109044075,-0.008361916057765484,5.55925989151001
189,4,0,0.5124988555908203,-0.13672828674316406,0.010310083627700806,4.050263404846191
190,1,0,0.5079460740089417,0.26936861872673035,-0.009014266543090343,5.565647125244141
190,4,0,0.5179589986801147,-0.14941288530826569,0.009726382791996002,4.074796676635742
191,1,0,0.5195785760879517,0.2796995937824249,-0.0016705276211723685,5.487300395965576
191,4,0,0.5180525779724121,-0.1376364827156067,0.010391313582658768,4.028876304626465
192,1,0,0.489177942276001,0.24569618701934814,-0.00349740800447762,5.360342025756836
192,4,0,0.5264798402786255,-0.13140539824962616,0.011739988811314106,4.2006378173828125
193,1,0,0.47786402702331543,0.26498186588287354,-0.00014242467295844108,4.889064311981201
193,4,0,0.5277142524719238,-0.12559209764003754,0.013553198426961899,4.3761091232299805
194,1,0,0.47789624333381653,0.2609836757183075,0.004991644993424416,4.393227577209473
194,4,0,0.5453948974609375,-0.12201012670993805,0.015048062428832054,4.521214485168457
195,4,0,0.5695143342018127,-0.11607992649078369,0.015333014540374279,4.602326393127441
196,4,0,0.5632108449935913,-0.09380821138620377,0.016078639775514603,4.628578186035156
197,4,0,0.5621898174285889,-0.07541438937187195,0.017375539988279343,4.617826461791992
198,4,0,0.5725985169410706,-0.08538441359996796,0.017962753772735596,4.797071933746338
199,4,0,0.5797181129455566,-0.019401146098971367,0.0178053118288517,4.673104286193848
200,0,0,0.6837635040283203,0.6567081212997437,-0.0021949245128780603,3.900499105453491
201,0,0,0.6750204563140869,0.6672356724739075,-0.00012916582636535168,3.901930570602417
202,0,0,0.6536349058151245,0.7449991106987,0.001180133200250566,4.025452613830566
203,0,0,0.6568474769592285,0.7976536750793457,9.141451300820336e-05,4.126081466674805
204,0,0,0.5703099966049194,0.8186069130897522,3.977259621024132e-05,4.141613483428955
205,0,0,0.568702757358551,0.8022677302360535,-0.001218472607433796,4.132513046264648
206,0,0,0.579436719417572,0.7916739583015442,0.0009617150644771755,4.061023235321045
207,0,0,0.6020014882087708,0.76340252161026,0.0013854819117113948,4.066521644592285
208,0,0,0.5611878633499146,0.7723402976989746,0.002243220107629895,4.037839889526367
209,0,0,0.553106963634491,0.7638657093048096,0.0023412553127855062,4.035952091217041
210,0,0,0.5661220550537109,0.781628429889679,0.0005357533227652311,4.039822101593018
211,0,0,0.5558518767356873,0.8587661385536194,-6.084423512220383e-05,4.080214023590088
212,0,0,0.5818465352058411,0.8069901466369629,0.0007703239098191261,4.061534404754639
213,0,0,0.5958445072174072,0.7300899624824524,0.0027732739690691233,4.035075664520264
214,0,0,0.5722625851631165,0.7541348338127136,0.0017989823827520013,4.014614582061768
215,0,0,0.5629141330718994,0.7752513885498047,0.0010799075243994594,4.016034126281738
216,0,0,0.5692582726478577,0.8003008365631104,0.0017243035836145282,4.052269458770752
217,0,0,0.5395533442497253,0.8228365778923035,0.004053111188113689,4.071243762969971
218,0,0,0.5344188809394836,0.8679521679878235,0.002935331081971526,4.089174270629883
219,0,0,0.48980414867401123,0.8748068809509277,0.003956149332225323,4.076603412628174
220,0,0,0.5026959776878357,0.895881712436676,0.002736238995566964,4.129698276519775
221,0,0,0.5148577094078064,0.8832013010978699,0.0030608566012233496,4.1005377769470215
222,0,0,0.5473625659942627,0.849612295627594,0.004171276930719614,4.066133975982666
223,0,0,0.5886442065238953,0.8575799465179443,0.004833227023482323,4.010406017303467
224,0,0,0.5861371159553528,0.7776767611503601,0.002577700885012746,3.915090560913086
225,0,0,0.5767320990562439,0.8141292929649353,0.0017964100698009133,3.9573023319244385
226,0,0,0.629389226436615,0.758866548538208,0.0015656612813472748,4.027307033538818
227,0,0,0.5275227427482605,0.910856306552887,0.0018757962388917804,4.092535018920898
228,0,0,0.5084063410758972,0.9086328148841858,0.003117793006822467,4.026853561401367
229,0,0,0.4954456090927124,0.8910935521125793,0.006091749761253595,4.027696132659912
230,0,0,0.5008063316345215,0.956082820892334,0.005013069603592157,4.015073299407959
231,0,0,0.6226386427879333,0.7976638674736023,0.005551659967750311,3.991358995437622
232,0,0,0.6323246955871582,0.867668628692627,0.0018494697287678719,4.044269561767578
233,0,0,0.576184093952179,0.9444568753242493,0.0013104757526889443,3.976343870162964
234,0,0,0.6144444942474365,0.7725757956504822,0.008405911736190319,4.0281147956848145
235,0,0,0.5938015580177307,0.6465447545051575,0.0068891458213329315,3.9709129333496094
236,0,0,0.6052116751670837,0.6140643954277039,0.001404886948876083,3.9592602252960205
237,0,0,0.6200425624847412,0.5762794613838196,-0.0005346008692868054,3.892627000808716
238,0,0,0.6926161646842957,0.5426549911499023,-0.0007677929825149477,3.889009475708008
239,0,0,0.7089290618896484,0.5495991110801697,-0.004480451811105013,3.9052584171295166
240,0,0,0.7322742938995361,0.5537874698638916,-0.0067743100225925446,3.8628523349761963
241,0,0,0.754920244216919,0.6290207505226135,-0.005955870728939772,3.987632989883423
242,0,0,0.7382528185844421,0.7046536803245544,-0.001910709310323,4.096011638641357
243,0,0,0.7461974024772644,0.5646324157714844,0.0006479090661741793,4.008434772491455
244,0,0,0.7567722797393799,0.575427234172821,-0.0011879962403327227,4.0181450843811035
245,0,0,0.7853395342826843,0.538705587387085,-0.0025723264552652836,4.033324718475342
246,0,0,0.7667508125305176,0.5313757061958313,-0.002299622166901827,4.0399627685546875
247,0,0,0.7423189282417297,0.5398717522621155,-0.004859187174588442,4.041351795196533
248,0,0,0.7562122344970703,0.5580329298973083,-0.004622278735041618,4.038177490234375
249,0,0,0.748293936252594,0.45566311478614807,-0.008267217315733433,3.92707896232605
250,1,0,0.6233364939689636,0.24082189798355103,0.01355171948671341,5.348531246185303
251,1,0,0.7101817727088928,0.2394983321428299,-0.007041614502668381,6.019694805145264
252,1,0,0.6781681180000305,0.25535380840301514,-0.004157068207859993,6.481492519378662
253,1,0,0.6487667560577393,0.27460864186286926,0.0015356424264609814,6.292034149169922
254,1,0,0.6896042227745056,0.2613936960697174,-0.005630139261484146,6.379576206207275
255,1,0,0.6643112897872925,0.25975969433784485,-0.011343583464622498,6.542862415313721
256,1,0,0.6509358882904053,0.2457481473684311,-0.015007056295871735,6.481605052947998
257,1,0,0.6379309296607971,0.25332167744636536,-0.011570597998797894,6.5003228187561035
258,1,0,0.6432495713233948,0.2515888512134552,-0.005477122496813536,6.523425579071045
259,1,0,0.6492717862129211,0.23757915198802948,-0.0077197737991809845,6.391496181488037
260,1,0,0.6311796307563782,0.25589117407798767,-0.0006293560727499425,6.196534633636475
261,1,0,0.6607248187065125,0.24013292789459229,0.0009396574459969997,6.29177713394165
262,1,0,0.6543217301368713,0.2637866735458374,0.004635536577552557,6.318998336791992
263,0,0,0.5681009292602539,-0.07703667879104614,0.008332437835633755,3.658066987991333
263,1,0,0.5481045842170715,0.2429029941558838,0.009807390160858631,5.771747589111328
264,0,0,0.4936300218105316,-0.08222450315952301,0.015492670238018036,3.528730630874634
264,1,0,0.5935680270195007,0.24781692028045654,0.02359449863433838,5.7863616943359375
265,1,0,0.6301286816596985,0.2322693020105362,0.018279997631907463,6.0952324867248535
266,1,0,0.5886592864990234,0.2547301948070526,0.009362075477838516,6.211358547210693
267,1,0,0.5793690085411072,0.2507754862308502,0.0038987742736935616,6.260050296783447
268,1,0,0.5538187026977539,0.24165944755077362,0.004278242122381926,6.218254089355469
269,0,0,0.6670836806297302,-0.08468752354383469,-0.005396032240241766,3.963094472885132
269,1,0,0.4720142185688019,0.2183157056570053,0.00432390533387661,5.69939661026001
270,0,0,0.8047120571136475,-0.11147622019052505,-0.004909858573228121,4.142917633056641
270,1,0,0.4754650890827179,0.20305758714675903,0.012768801301717758,5.373743057250977
271,0,0,0.7946529984474182,-0.11856124550104141,0.018598824739456177,5.524438858032227
272,0,0,0.7391089797019958,-0.0995715856552124,0.02523607574403286,6.01071310043335
273,0,0,0.7952025532722473,-0.06946776062250137,0.020791279152035713,5.851098537445068
274,0,0,0.9243664741516113,-0.03694315254688263,0.016879454255104065,5.537172794342041
275,0,0,0.7388011813163757,-0.05115945637226105,0.008503841236233711,5.152126312255859
276,0,0,0.8730757832527161,-0.054402872920036316,0.004141878802329302,5.142171859741211
277,0,0,0.9047285914421082,-0.09655796736478806,-1.78249702003086e-05,5.136341571807861
278,0,0,0.950416088104248,-0.11628275364637375,0.0015984894707798958,5.169764041900635
279,0,0,0.9138664603233337,-0.12989217042922974,0.00552819250151515,5.142282962799072
280,0,0,0.8391534686088562,-0.12541283667087555,0.014375988394021988,5.487223148345947
281,0,0,0.901623547077179,-0.12187764793634415,0.015591894276440144,5.609302997589111
282,0,0,0.7849062085151672,-0.08487173169851303,0.015041391365230083,5.593721866607666
283,0,0,0.7349469065666199,-0.07734212279319763,0.015944333747029305,5.667911529541016
284,0,0,0.5964818596839905,-0.09752456098794937,0.027458203956484795,6.19879674911499
285,0,0,0.541276216506958,-0.09924864768981934,0.031102066859602928,6.3103814125061035
286,0,0,0.5301494002342224,-0.059519194066524506,0.022448377683758736,6.221926212310791
290,0,0,0.5113617181777954,-0.10335799306631088,0.006276543717831373,5.285788059234619
290,1,0,0.5039756298065186,0.2587342858314514,0.009307803586125374,4.78005313873291
291,0,0,0.5896946787834167,-0.10256499797105789,0.004771174397319555,4.97169828414917
291,1,0,0.495130330324173,0.26780053973197937,0.011348097585141659,5.079469680786133
292,0,0,0.7056211829185486,-0.0979333147406578,0.004074250813573599,4.9341654777526855
292,1,0,0.48261308670043945,0.2794664204120636,0.016542905941605568,4.946317195892334
293,0,0,0.7164671421051025,-0.09971437603235245,0.018766118213534355,5.568094730377197
293,1,0,0.45540952682495117,0.25627151131629944,0.03262217342853546,3.8596153259277344
294,0,0,0.5644363760948181,-0.09104019403457642,0.02997473068535328,6.197628021240234
295,0,0,0.5142719149589539,-0.10342758893966675,0.03587425872683525,6.427265167236328
296,0,0,0.5674006938934326,-0.09416200965642929,0.03159075602889061,6.228962421417236
297,0,0,0.7070505023002625,-0.12467825412750244,0.03095416910946369,6.012090682983398
298,0,0,0.7310332655906677,-0.13387896120548248,0.0280777420848608,5.623939514160156
310,1,0,0.5163144469261169,0.1056867241859436,0.01822075992822647,4.363897323608398
311,1,0,0.522150456905365,-0.031507015228271484,0.01662023738026619,4.843247413635254
312,1,0,0.5130725502967834,-0.061183251440525055,0.010017111897468567,4.916468143463135
313,1,0,0.4979376494884491,-0.06093000993132591,0.008326944895088673,4.992536544799805
314,1,0,0.5069313049316406,-0.11729462444782257,-0.0010378228034824133,5.116706848144531
315,1,0,0.4809967875480652,-0.14426761865615845,-0.016560610383749008,5.153719902038574
320,1,0,0.5072928667068481,-0.1318548321723938,0.03666824474930763,5.107334613800049
358,0,0,0.42992091178894043,0.26376277208328247,0.011947624385356903,4.500406742095947
359,0,0,0.4143770933151245,0.2915824055671692,0.01488795131444931,4.538057804107666
377,0,0,0.43369799852371216,0.2816225588321686,0.011251991614699364,4.775489807128906
378,0,0,0.45099443197250366,0.26502811908721924,0.009716424159705639,4.731012344360352
379,0,0,0.4658200740814209,0.27087610960006714,0.013162471354007721,4.817670822143555
380,0,0,0.4735030233860016,0.28047406673431396,0.016305336728692055,4.896343231201172
381,0,0,0.46382784843444824,0.2912169396877289,0.0171834584325552,4.957620143890381
382,0,0,0.4827481806278229,0.311623215675354,0.02057703398168087,5.0757737159729
383,0,0,0.503405749797821,0.3409881889820099,0.02222050167620182,5.1134209632873535
384,0,0,0.4936922490596771,0.35656866431236267,0.025710418820381165,5.235504627227783
385,0,0,0.4565982520580292,0.3693464696407318,0.024847492575645447,5.226623058319092
386,0,0,0.4301384389400482,0.38192129135131836,0.026081429794430733,5.213678359985352
387,0,0,0.45537617802619934,0.37684234976768494,0.02515816129744053,5.232860088348389
388,0,0,0.42581138014793396,0.3467894494533539,0.025379927828907967,5.267613410949707
389,0,0,0.39863502979278564,0.36112597584724426,0.028180018067359924,5.303403377532959
390,0,0,0.4402870237827301,0.4285619258880615,0.030826300382614136,5.465529918670654
391,0,0,0.45118582248687744,0.48279252648353577,0.02380145527422428,5.23422384262085
392,0,0,0.4396306276321411,0.46749258041381836,0.022815367206931114,5.220585346221924
393,0,0,0.4287693500518799,0.4416743218898773,0.023937562480568886,5.260599136352539
394,0,0,0.39113450050354004,0.4234177768230438,0.02373242937028408,5.208047866821289
395,0,0,0.36117327213287354,0.3654344081878662,0.02249201573431492,4.91831111907959
400,1,0,0.7920826077461243,-0.27191194891929626,0.03271455690264702,4.666544437408447
401,1,0,0.7343530654907227,-0.2854216396808624,0.028839223086833954,4.645418167114258
402,1,0,0.7234947681427002,-0.2991331219673157,0.02794615924358368,4.661022663116455
403,1,0,0.7431641221046448,-0.274241179227829,0.021761715412139893,4.647558212280273
404,1,0,0.7884311676025391,-0.25235748291015625,0.019264882430434227,4.647121906280518
405,1,0,0.8197371363639832,-0.2228821963071823,0.018632879480719566,4.641055583953857
406,1,0,0.8369531631469727,-0.19600366055965424,0.01863165758550167,4.676445007324219
407,1,0,0.8332664370536804,-0.20400620996952057,0.015203227289021015,4.717494964599609
408,1,0,0.8053374290466309,-0.20488713681697845,0.012171030044555664,4.7319464683532715
409,1,0,0.7810130715370178,-0.22885505855083466,0.014236923307180405,4.731234073638916
410,1,0,0.7908657193183899,-0.25405606627464294,0.012338352389633656,4.743945598602295
411,1,0,0.7833167910575867,-0.24148784577846527,0.006286258343607187,4.799070358276367
412,1,0,0.7656528353691101,-0.23148004710674286,0.003784840228036046,4.8157572746276855
413,1,0,0.8365147709846497,-0.24065394699573517,0.012075650505721569,4.702274322509766
414,1,0,0.8458821177482605,-0.21145547926425934,0.009606881998479366,4.700422286987305
415,1,0,0.8503679633140564,-0.2053976058959961,0.015010863542556763,4.743892192840576
416,1,0,0.8954670429229736,-0.21331167221069336,-0.0029521454125642776,4.661785125732422
417,1,0,0.8806361556053162,-0.20987676084041595,0.0050822035409510136,4.716061115264893
418,1,0,0.8827078938484192,-0.2046261876821518,-0.0010730805806815624,4.663730144500732
419,1,0,0.8839397430419922,-0.14875872433185577,-0.014574377797544003,4.661670207977295
420,1,0,0.8541399836540222,-0.13205218315124512,-0.0316692590713501,4.623962879180908
421,1,0,0.8680581450462341,-0.14514605700969696,-0.034753650426864624,4.572305679321289
422,1,0,0.8895919919013977,-0.13753895461559296,-0.03708632290363312,4.574722766876221
423,1,0,0.8662848472595215,-0.1883602887392044,-0.03176799416542053,4.633139133453369
424,1,0,0.9021063446998596,-0.1798802763223648,-0.029526343569159508,4.579891681671143
425,1,0,0.8847554326057434,-0.13860119879245758,-0.03383329138159752,4.560006618499756
426,1,0,0.8568031787872314,-0.1486331820487976,-0.036345068365335464,4.563287258148193
427,1,0,0.8618287444114685,-0.15502063930034637,-0.03776083141565323,4.528011798858643
428,1,0,0.8626015186309814,-0.15421104431152344,-0.039488911628723145,4.500677108764648
429,1,0,0.8833691477775574,-0.17947721481323242,-0.03529360890388489,4.466065883636475
430,1,0,0.9144005179405212,-0.18753032386302948,-0.023054836317896843,4.503750324249268
431,1,0,0.92430180311203,-0.19779087603092194,-0.0114857517182827,4.533980846405029
432,1,0,0.9257071018218994,-0.20212309062480927,-0.01283200178295374,4.53138542175293
433,1,0,0.9449520111083984,-0.19751156866550446,0.007315342780202627,4.488248348236084
434,1,0,0.9229418635368347,-0.19284950196743011,0.020278574898838997,4.495777130126953
435,1,0,0.9045189023017883,-0.19735746085643768,0.020055174827575684,4.519358158111572
436,1,0,0.9034931659698486,-0.19978559017181396,0.014728735201060772,4.546106338500977
437,1,0,0.9087436199188232,-0.20411066710948944,0.02135889045894146,4.534083843231201
438,1,0,0.9258145689964294,-0.18016837537288666,0.02533353678882122,4.481090068817139
439,1,0,0.9174599051475525,-0.1710841804742813,0.022965669631958008,4.454045295715332
440,1,0,0.9344155788421631,-0.13633812963962555,0.01571693830192089,4.426464557647705
441,1,0,0.9438044428825378,-0.07856708765029907,0.010916773229837418,4.412564754486084
442,1,0,0.934232234954834,-0.07452919334173203,0.01252395287156105,4.450964450836182
443,1,0,0.8916385769844055,-0.0973515585064888,0.011139139533042908,4.445399761199951
444,1,0,0.8684585690498352,-0.09331687539815903,0.011232268065214157,4.440430164337158
445,1,0,0.873772144317627,-0.10244070738554001,0.013596857897937298,4.429322719573975
446,1,0,0.8628137707710266,-0.13365255296230316,0.01935911364853382,4.467532634735107
447,1,0,0.8529837727546692,-0.144520565867424,0.021342629566788673,4.499942779541016
448,1,0,0.7068114280700684,-0.13245582580566406,0.024927183985710144,4.023878574371338
451,4,0,0.7144568562507629,-0.33247289061546326,0.011308484710752964,4.28010892868042
452,4,0,0.7283535599708557,-0.3499661386013031,0.011515664868056774,4.312399387359619
453,4,0,0.6966692805290222,-0.3191709816455841,0.011300764977931976,4.17480993270874
454,4,0,0.7048385739326477,-0.31980350613594055,0.01254050713032484,4.2331061363220215
455,4,0,0.7438784241676331,-0.3564918041229248,0.01201535016298294,4.3567280769348145
456,4,0,0.7581633925437927,-0.37075915932655334,0.012546739540994167,4.451592922210693
457,4,0,0.7412033081054688,-0.374992698431015,0.011548742651939392,4.412471771240234
458,4,0,0.7273709177970886,-0.37682846188545227,0.010226217098534107,4.368010997772217
459,4,0,0.7097728848457336,-0.35491082072257996,0.009228373877704144,4.30726957321167
460,4,0,0.6998779773712158,-0.3485078811645508,0.010203915648162365,4.356503963470459
461,4,0,0.6947138905525208,-0.3627355992794037,0.010981946252286434,4.408986568450928
462,4,0,0.6757896542549133,-0.34933388233184814,0.012196123600006104,4.289681911468506
463,4,0,0.6910655498504639,-0.3655829429626465,0.011787419207394123,4.278116703033447
464,4,0,0.7164604067802429,-0.37914547324180603,0.012903771363198757,4.357271671295166
465,4,0,0.721104621887207,-0.3395414352416992,0.01119136344641447,4.270283222198486
466,4,0,0.6708133816719055,-0.2793833911418915,0.012479533441364765,4.136771202087402
467,4,0,0.6098668575286865,-0.24708692729473114,0.010757803916931152,3.747615098953247
468,4,0,0.5558463931083679,-0.20760637521743774,0.009311540983617306,3.3076045513153076
470,0,0,0.6212947368621826,-0.3360027074813843,0.027948133647441864,4.782994747161865
471,0,0,0.5254184007644653,-0.3083835542201996,0.02419867366552353,4.794900417327881
471,4,0,0.4882841110229492,-0.15486572682857513,0.008044976741075516,2.9553146362304688
472,0,0,0.5532009601593018,-0.31759870052337646,0.0254001896828413,4.860204696655273
472,4,0,0.5457490086555481,-0.19022612273693085,0.009577691555023193,3.322359323501587
473,0,0,0.5387725234031677,-0.3283863961696625,0.027432508766651154,5.063150882720947
474,0,0,0.5114939212799072,-0.35223624110221863,0.027219301089644432,5.107980728149414
475,0,0,0.47849559783935547,-0.35775789618492126,0.02958335541188717,5.042537212371826
476,0,0,0.4307858645915985,-0.3154941499233246,0.03158268705010414,4.974282741546631
478,0,0,0.4222615957260132,-0.3105441927909851,0.025788843631744385,5.04121208190918
479,0,0,0.5497526526451111,-0.32346203923225403,0.02999264933168888,5.213634967803955
480,0,0,0.6476936936378479,-0.2947824001312256,0.029209807515144348,5.024505138397217
481,0,0,0.5175497531890869,-0.25520411133766174,0.02759510464966297,4.901225566864014
482,0,0,0.5054371356964111,-0.2532201111316681,0.026207411661744118,5.054210186004639
483,0,0,0.4982393980026245,-0.23471371829509735,0.02330043911933899,5.0914459228515625
484,0,0,0.521396279335022,-0.21755985915660858,0.024855762720108032,5.169084072113037
485,0,0,0.5092684626579285,-0.21880215406417847,0.026708565652370453,5.250982284545898
486,0,0,0.5172824263572693,-0.21774661540985107,0.031007060781121254,5.211729049682617
487,0,0,0.49491679668426514,-0.20051078498363495,0.02756120264530182,5.211503505706787
488,0,0,0.4870035946369171,-0.23633523285388947,0.025228770449757576,5.027477741241455
489,0,0,0.5291503071784973,-0.2258894294500351,0.027538994327187538,4.609898090362549
490,0,0,0.4849514365196228,-0.1659950613975525,0.025727147236466408,3.5623390674591064
500,3,0,0.6462357044219971,0.11418642848730087,-0.016328059136867523,4.442727565765381
501,3,0,0.6679596304893494,0.11714289337396622,-0.01830599643290043,4.449172019958496
502,3,0,0.6700146794319153,0.11897962540388107,-0.01781243085861206,4.458151340484619
503,3,0,0.6731284260749817,0.12161722779273987,-0.0171740110963583,4.506173610687256
504,3,0,0.6816113591194153,0.12438071519136429,-0.016942977905273438,4.589488506317139
505,3,0,0.6915575861930847,0.12297967076301575,-0.018657363951206207,4.65427827835083
506,3,0,0.7087273597717285,0.123310886323452,-0.019678158685564995,4.7912278175354
507,3,0,0.6970551013946533,0.12321585416793823,-0.018271291628479958,4.878754138946533
508,3,0,0.6924254894256592,0.12447475641965866,-0.017362426966428757,4.889705657958984
509,3,0,0.6732471585273743,0.12118706852197647,-0.016652243211865425,4.770330905914307
510,3,0,0.6554550528526306,0.11896056681871414,-0.015732184052467346,4.660688400268555
511,3,0,0.6607588529586792,0.12003014236688614,-0.015806308016180992,4.6707539558410645
512,3,0,0.6590051054954529,0.1205965057015419,-0.015459559857845306,4.649828910827637
513,3,0,0.6510682702064514,0.12035512924194336,-0.014363977126777172,4.655826568603516
514,3,0,0.6407449841499329,0.12051081657409668,-0.013288005255162716,4.653104305267334
515,3,0,0.626697301864624,0.1188206598162651,-0.012107820250093937,4.580188751220703
516,3,0,0.6156681180000305,0.11735189706087112,-0.01104178000241518,4.520083904266357
517,3,0,0.6174120903015137,0.11740662902593613,-0.010395594872534275,4.494125843048096
518,3,0,0.6169609427452087,0.1174357607960701,-0.009756308048963547,4.487934112548828
519,3,0,0.6138796210289001,0.11579415202140808,-0.010640211403369904,4.440433979034424
520,3,0,0.6099696159362793,0.11546367406845093,-0.010675806552171707,4.403263568878174
521,3,0,0.6091284155845642,0.1159747838973999,-0.010746725834906101,4.335219860076904
522,3,0,0.5920701026916504,0.11432691663503647,-0.009946041740477085,4.188943386077881
523,3,0,0.5091240406036377,0.10076126456260681,-0.010386031121015549,3.6036887168884277
526,3,0,0.5567386150360107,0.12030714750289917,-0.0054084560833871365,4.22619104385376
527,3,0,0.5052934885025024,0.1067153811454773,-0.004501760471612215,3.8884077072143555
528,3,0,0.5100662708282471,0.10629808902740479,-0.006558803841471672,3.811363458633423
529,3,0,0.5162159204483032,0.10804209113121033,-0.006753839552402496,3.8183088302612305
530,3,0,0.5159483551979065,0.10916972905397415,-0.004097848664969206,3.8985042572021484
531,3,0,0.5270986557006836,0.1107267290353775,-0.0070921145379543304,3.8755757808685303
532,1,0,0.3650434613227844,-0.35517022013664246,0.04830221086740494,5.185733795166016
532,3,0,0.5197653770446777,0.10824087262153625,-0.0074507067911326885,3.781777858734131
533,1,0,0.3832382261753082,-0.3691137731075287,0.04941035434603691,5.363569259643555
533,3,0,0.5057363510131836,0.105450339615345,-0.007317423354834318,3.645314931869507
534,1,0,0.38272231817245483,-0.3567686676979065,0.052765458822250366,5.29461145401001
534,3,0,0.5200207233428955,0.1075362041592598,-0.00885445810854435,3.6288084983825684
535,1,0,0.3732966482639313,-0.35740867257118225,0.054346729069948196,5.276398181915283
535,3,0,0.5196298956871033,0.10757935047149658,-0.00898327399045229,3.524550676345825
536,1,0,0.39343857765197754,-0.3796095848083496,0.05809871852397919,5.292730808258057
536,3,0,0.5205025672912598,0.10766403377056122,-0.009183213114738464,3.5052547454833984
537,1,0,0.43594881892204285,-0.40898165106773376,0.06075356528162956,5.334352493286133
537,3,0,0.49602362513542175,0.10112850368022919,-0.008383749052882195,3.353546619415283
538,1,0,0.4453728199005127,-0.4286051094532013,0.05967273190617561,5.404178619384766
539,1,0,0.44657644629478455,-0.4394941031932831,0.06332332640886307,5.493053436279297
540,1,0,0.46150970458984375,-0.4105108678340912,0.0613897405564785,5.5041656494140625
540,3,0,0.49524766206741333,0.10219477862119675,-0.007284063845872879,3.4602231979370117
541,1,0,0.4779646396636963,-0.4040854275226593,0.05306239053606987,5.2247748374938965
541,3,0,0.5212360620498657,0.10342074930667877,-0.009368500672280788,3.413382053375244
542,1,0,0.5232764482498169,-0.4242110252380371,0.04122800752520561,5.23042106628418
542,3,0,0.5206978917121887,0.10010208934545517,-0.007412873208522797,3.386519432067871
543,1,0,0.5431784987449646,-0.4659391939640045,0.04219245910644531,5.2758469581604
543,3,0,0.5184041261672974,0.09950374066829681,-0.00882239080965519,3.378108501434326
544,1,0,0.5473566651344299,-0.49432381987571716,0.04456663504242897,5.286212921142578
544,3,0,0.5137269496917725,0.09952543675899506,-0.007575579918920994,3.4383528232574463
545,1,0,0.5464862585067749,-0.5254647135734558,0.04056515172123909,5.260194301605225
545,3,0,0.5328019857406616,0.10207456350326538,-0.0062684412114322186,3.6579511165618896
546,1,0,0.5343602299690247,-0.5095233917236328,0.022366242483258247,5.37935209274292
546,3,0,0.6003097891807556,0.10493136197328568,-0.013337790034711361,4.00693941116333
547,1,0,0.5210535526275635,-0.4710414409637451,0.016664981842041016,5.375498294830322
547,3,0,0.6036179661750793,0.10608736425638199,-0.013855098746716976,4.056555271148682
548,1,0,0.5470930933952332,-0.4505220949649811,0.01782618835568428,5.351065158843994
548,3,0,0.5701446533203125,0.1046271100640297,-0.010957595892250538,3.9549760818481445
549,1,0,0.43229541182518005,-0.3299044072628021,0.03876197338104248,5.59019660949707
550,3,0,-0.5023887753486633,-0.03971150144934654,0.09255810081958771,5.59981632232666
551,3,0,-0.5165212750434875,-0.04146353900432587,0.09274016320705414,5.701722145080566
552,3,0,-0.5192229747772217,-0.04192633181810379,0.09167587757110596,5.6437273025512695
553,3,0,-0.5036365985870361,-0.04255162924528122,0.09102735668420792,5.5427374839782715
554,3,0,-0.5085691213607788,-0.04238320142030716,0.09135601669549942,5.536911964416504
555,3,0,-0.5147561430931091,-0.04219289496541023,0.09196196496486664,5.519174575805664
556,3,0,-0.5070717334747314,-0.040404312312603,0.09118539839982986,5.493805408477783
557,3,0,-0.499918669462204,-0.03828766569495201,0.09058179706335068,5.477229118347168
558,3,0,-0.5129640698432922,-0.039110466837882996,0.09186417609453201,5.471181392669678
559,3,0,-0.5090011954307556,-0.03830284625291824,0.0892835408449173,5.451908111572266
560,3,0,-0.5139199495315552,-0.0396544486284256,0.08942858874797821,5.428430557250977
561,3,0,-0.5269492864608765,-0.04157739877700806,0.09074283391237259,5.428510665893555
562,3,0,-0.5382533073425293,-0.0437493622303009,0.09174292534589767,5.3985819816589355
563,3,0,-0.5385972261428833,-0.04309762269258499,0.09182386100292206,5.364353179931641
564,3,0,-0.5327314138412476,-0.04134143888950348,0.09140072762966156,5.3293609619140625
565,3,0,-0.5264186859130859,-0.03996194899082184,0.09103663265705109,5.311587810516357
566,1,0,-0.043703995645046234,-0.5121222138404846,0.0311996228992939,4.497264385223389
566,3,0,-0.5073280334472656,-0.037688158452510834,0.08894774317741394,5.249532699584961
567,1,0,-0.04816937446594238,-0.5161693096160889,0.026511380448937416,4.5814208984375
567,3,0,-0.5115218162536621,-0.03960518166422844,0.09067577123641968,5.224130153656006
568,1,0,-0.052009694278240204,-0.5085494518280029,0.018635492771863937,4.6007280349731445
568,3,0,-0.5109666585922241,-0.0389285534620285,0.0896262377500534,5.1244120597839355
569,1,0,-0.04779736325144768,-0.5277786254882812,0.020626168698072433,4.672019958496094
570,1,0,-0.09800571203231812,-0.5144052505493164,0.020271003246307373,4.727306365966797
571,1,0,-0.08164676278829575,-0.4973987638950348,0.021786073222756386,4.598503112792969
575,1,0,0.36671343445777893,-0.4475051164627075,0.024280855432152748,4.772156238555908
576,1,0,0.5980488657951355,-0.4431333541870117,0.008620386011898518,4.724545955657959
577,1,0,0.6162157654762268,-0.4423442780971527,0.009920583106577396,4.713679790496826
578,1,0,0.6701013445854187,-0.42081186175346375,0.008780628442764282,4.686824798583984
579,1,0,0.6277347207069397,-0.4102412760257721,0.013987074606120586,4.704862117767334
580,1,0,0.5700249075889587,-0.4069724977016449,0.01967868022620678,4.792207717895508
581,1,0,0.5141606330871582,-0.42191436886787415,0.024483807384967804,4.99447774887085
582,1,0,0.49442172050476074,-0.42826342582702637,0.02563747577369213,5.003515243530273
583,1,0,0.5288426876068115,-0.42597195506095886,0.022005930542945862,4.85398530960083
584,1,0,0.39102017879486084,-0.4439718425273895,0.024138854816555977,4.865748405456543
585,1,0,0.3784964382648468,-0.4535454213619232,0.025605807080864906,4.904193878173828
586,1,0,0.34269633889198303,-0.4604758322238922,0.026243017986416817,4.819965839385986
587,1,0,0.29460760951042175,-0.4615377187728882,0.027447931468486786,4.830127716064453
588,1,0,0.273214191198349,-0.4569530785083771,0.02945808134973049,4.861779689788818
589,1,0,0.26275622844696045,-0.4455091953277588,0.03256850317120552,4.849539279937744
590,1,0,0.23818930983543396,-0.45295462012290955,0.03681254759430885,4.789424896240234
593,1,0,0.22826454043388367,-0.45147132873535156,0.04122209548950195,4.897964000701904
594,1,0,0.28067636489868164,-0.44494542479515076,0.04604491591453552,4.66555118560791
595,1,0,0.4338235855102539,-0.46363818645477295,0.04064413905143738,5.0098066329956055
596,1,0,0.3693189322948456,-0.4398079216480255,0.04221494123339653,4.984881401062012
603,1,0,0.6696515083312988,-0.2044324427843094,0.025486337020993233,4.808500289916992
604,1,0,0.7203629016876221,-0.21255379915237427,0.017413387075066566,5.217750072479248
605,1,0,0.6929494738578796,-0.19514161348342896,0.013532119803130627,5.09028434753418
606,1,0,0.682895839214325,-0.20841239392757416,0.01309665571898222,5.077725887298584
607,1,0,0.6590855121612549,-0.21229080855846405,0.01691916584968567,5.138894557952881
608,1,0,0.6545403003692627,-0.19550244510173798,0.017167018726468086,5.205498218536377
609,1,0,0.5924344062805176,-0.19101274013519287,0.01992211863398552,5.022759914398193
613,1,0,0.5497388243675232,-0.07060117274522781,0.029301157221198082,3.609421491622925
614,1,0,0.9608092308044434,-0.17229688167572021,0.010723396204411983,5.3606696128845215
615,1,0,0.9883794784545898,-0.19802212715148926,-0.0008946666494011879,5.287561893463135
616,1,0,0.9870686531066895,-0.19573205709457397,-0.0029063161928206682,5.280832767486572
617,1,0,0.9877850413322449,-0.2231130748987198,-0.0032991289626806974,5.144413471221924
618,1,0,0.9677557349205017,-0.21848903596401215,-0.00020935654174536467,5.073391437530518
619,1,0,0.9476597309112549,-0.198266863822937,0.0034108443651348352,5.09621524810791
620,1,0,0.9063851237297058,-0.1567545086145401,0.009301855228841305,5.253352642059326
621,1,0,0.9095930457115173,-0.09342076629400253,0.009433017112314701,5.362260818481445
622,1,0,0.9065610766410828,-0.11376180499792099,0.011398297734558582,5.293459415435791
623,1,0,0.9017031788825989,-0.11188599467277527,0.005584897939115763,5.235672473907471
624,1,0,0.8168432116508484,-0.07157085090875626,0.014962361194193363,5.3863205909729
625,1,0,0.7762537002563477,-0.04760867729783058,0.017663218080997467,5.429147720336914
626,1,0,0.7740408778190613,-0.034614309668540955,0.01744157262146473,5.45589017868042
627,1,0,0.7600989937782288,-0.00790171418339014,0.020293908193707466,5.5163044929504395
628,1,0,0.7831534743309021,-0.008895360864698887,0.023462465032935143,5.650169372558594
629,1,0,0.8043223023414612,-0.03679560497403145,0.02627941220998764,5.744886875152588
630,1,0,0.833556592464447,-0.06732670217752457,0.02416313625872135,5.6574530601501465
631,1,0,0.8290334343910217,-0.05706780031323433,0.021319234743714333,5.655069351196289
632,1,0,0.81545490026474,-0.05385269224643707,0.020005259662866592,5.683377742767334
633,1,0,0.8189622759819031,-0.06445237994194031,0.019972847774624825,5.626115322113037
634,1,0,0.8308798670768738,-0.07391682267189026,0.023031800985336304,5.553457736968994
635,1,0,0.8347348570823669,-0.08003881573677063,0.021476900205016136,5.492018222808838
636,1,0,0.8185775876045227,-0.07873180508613586,0.016670333221554756,5.557369709014893
637,1,0,0.8222265243530273,-0.08773016929626465,0.016907518729567528,5.533840179443359
638,1,0,0.8197588324546814,-0.07220622152090073,0.019541330635547638,5.481696605682373
639,1,0,0.8419890403747559,-0.06840743869543076,0.01401300448924303,5.540380001068115
640,1,0,0.8529645800590515,-0.06153665855526924,0.011309422552585602,5.468090534210205
641,1,0,0.8585009574890137,-0.059446293860673904,0.009888802655041218,5.45802116394043
642,1,0,0.9324633479118347,-0.07660247385501862,-0.006084410473704338,5.259510517120361
643,1,0,0.9633995890617371,-0.09439364075660706,-0.027197590097784996,5.356184482574463
644,1,0,0.957838773727417,-0.13058792054653168,-0.028698401525616646,5.423957347869873
645,1,0,0.9897451400756836,-0.16771502792835236,-0.031249044463038445,5.4132771492004395
646,1,0,1.0203336477279663,-0.19648772478103638,-0.03949235379695892,5.407293796539307
647,1,0,1.0483053922653198,-0.22815658152103424,-0.04183569550514221,5.385881423950195
648,1,0,1.0292143821716309,-0.22185945510864258,-0.03433876112103462,5.4346537590026855
649,1,0,0.7144367098808289,-0.06359266489744186,-0.0026775840669870377,3.950984239578247
650,1,0,0.8142869472503662,-0.06427488476037979,-0.0022415616549551487,4.489641189575195
651,1,0,0.8875839710235596,-0.0970720648765564,-0.0009936843998730183,3.8403232097625732
652,1,0,0.9759041666984558,-0.15657837688922882,0.003702205838635564,2.8298046588897705
663,1,0,0.5988037586212158,0.027645090594887733,0.013422171585261822,3.3437979221343994
664,1,0,0.6360884308815002,0.061804499477148056,0.015739569440484047,4.899844646453857
665,1,0,0.6373966336250305,0.09012781828641891,0.015325319953262806,4.997761249542236
666,1,0,0.6220526099205017,0.14261645078659058,0.003267105435952544,5.072658061981201
667,1,0,0.5861656069755554,0.13666002452373505,-0.025408336892724037,4.755951404571533
667,4,0,0.7180503010749817,-0.38774213194847107,0.002104878658428788,3.8573362827301025
668,1,0,0.577525794506073,0.10207726806402206,-0.03007609210908413,4.650322437286377
668,4,0,0.7614553570747375,-0.35922542214393616,0.0036488466430455446,4.267852306365967
669,1,0,0.5629673004150391,0.09282150119543076,-0.028093069791793823,4.676499843597412
669,4,0,0.7932766079902649,-0.37208977341651917,0.0045423018746078014,4.425121307373047
670,1,0,0.5533499121665955,0.07325886934995651,-0.02485308051109314,4.664099216461182
670,4,0,0.7897372841835022,-0.37041592597961426,0.00570131279528141,4.5014214515686035
671,1,0,0.5650208592414856,0.07506415992975235,-0.02688625268638134,4.637108325958252
671,4,0,0.7825170159339905,-0.37828993797302246,0.005438733380287886,4.492872714996338
672,1,0,0.5796658396720886,0.08940038830041885,-0.026264920830726624,4.670450210571289
672,4,0,0.7842519879341125,-0.38890519738197327,0.005224024411290884,4.467700958251953
673,1,0,0.5781230926513672,0.0847238078713417,-0.024381300434470177,4.674703121185303
673,4,0,0.7931053042411804,-0.3853965699672699,0.006076245103031397,4.516549110412598
674,1,0,0.5695968270301819,0.06950201839208603,-0.02225225232541561,4.649743556976318
674,4,0,0.798360288143158,-0.386791855096817,0.006172696594148874,4.560062885284424
675,1,0,0.5590086579322815,0.062189798802137375,-0.020231172442436218,4.6141438484191895
675,4,0,0.7968636155128479,-0.3859424293041229,0.006490062922239304,4.592718601226807
676,1,0,0.5532838702201843,0.06148272380232811,-0.017276691272854805,4.545772075653076
676,4,0,0.7958791851997375,-0.3836454451084137,0.0072096348740160465,4.609986782073975
677,1,0,0.5474063754081726,0.07920367270708084,-0.017091430723667145,4.523762226104736
677,4,0,0.7891877293586731,-0.36460080742836,0.007567038759589195,4.601626396179199
678,1,0,0.5347537994384766,0.07781200110912323,-0.018093697726726532,4.469842910766602
678,4,0,0.7920690178871155,-0.3576197624206543,0.007671793922781944,4.626471042633057
679,1,0,0.524315357208252,0.09865343570709229,-0.009792112745344639,4.3403096199035645
679,4,0,0.8083381652832031,-0.36046966910362244,0.009779080748558044,4.679840564727783
680,1,0,0.5132402777671814,0.10047745704650879,-0.012565995566546917,4.282552242279053
680,4,0,0.8133032917976379,-0.3512352406978607,0.009679267182946205,4.709014415740967
681,1,0,0.49936172366142273,0.10718192905187607,-0.006466977298259735,4.075296401977539
681,4,0,0.8089932799339294,-0.36699187755584717,0.010921567678451538,4.72955846786499
682,1,0,0.5074312686920166,0.07840568572282791,0.0019366126507520676,3.6152923107147217
682,4,0,0.8084647059440613,-0.38670650124549866,0.0122380955144763,4.744943618774414
683,1,0,0.5339505076408386,0.0636194571852684,0.001533622038550675,3.5733206272125244
683,4,0,0.8349081873893738,-0.4090580940246582,0.011458572000265121,4.717065811157227
684,1,0,0.578125536441803,0.04911129176616669,-0.012160086072981358,4.43587589263916
684,4,0,0.8172599673271179,-0.4309798777103424,0.008340738713741302,4.603628635406494
685,1,0,0.5890564322471619,0.04415218159556389,-0.01803487539291382,4.592102527618408
685,4,0,0.7988356947898865,-0.407852441072464,0.006429177243262529,4.496596336364746
686,1,0,0.5854631066322327,0.04646831750869751,-0.017961526289582253,4.5790486335754395
686,4,0,0.7951398491859436,-0.39812135696411133,0.006044928450137377,4.475391387939453
687,1,0,0.5800060033798218,0.05969228968024254,-0.0211652759462595,4.5501861572265625
687,4,0,0.7921700477600098,-0.3943404257297516,0.00571136549115181,4.502068519592285
688,1,0,0.5625151991844177,0.07378263026475906,-0.017660288140177727,4.518136501312256
688,4,0,0.8107609748840332,-0.4160393476486206,0.006656329613178968,4.510293960571289
689,1,0,0.5610706806182861,0.06809122115373611,-0.020449042320251465,4.522371292114258
689,4,0,0.8040983080863953,-0.429844468832016,0.006113804876804352,4.5301408767700195
690,1,0,0.5534400939941406,0.060494985431432724,-0.019728627055883408,4.483865261077881
690,4,0,0.795692503452301,-0.4292543828487396,0.006643968168646097,4.538400650024414
691,1,0,0.5500643849372864,0.07124941796064377,-0.01866149716079235,4.361286640167236
691,4,0,0.8020270466804504,-0.42927679419517517,0.0067155188880860806,4.611898899078369
692,1,0,0.5433287620544434,0.0689447894692421,-0.015547271817922592,3.928687334060669
692,4,0,0.825744092464447,-0.4358412027359009,0.007849450223147869,4.708006381988525
693,1,0,0.5178605914115906,0.05616037920117378,-0.014448675327003002,3.608816146850586
693,4,0,0.8482322692871094,-0.47305503487586975,0.007690058555454016,4.7854323387146
694,1,0,0.5017276406288147,0.054822277277708054,-0.012324164621531963,3.471907377243042
694,4,0,0.8542873859405518,-0.4661279022693634,0.008876071311533451,4.8505635261535645
695,4,0,0.870945930480957,-0.46389040350914,0.010469299741089344,4.935736179351807
696,4,0,0.9077040553092957,-0.4662318229675293,0.011561393737792969,5.091268062591553
697,4,0,0.9031735062599182,-0.4255236089229584,0.013655868358910084,5.115972995758057
698,4,0,0.7983212471008301,-0.38503822684288025,0.012088089250028133,4.5387654304504395
704,1,0,0.5746169686317444,-0.16442960500717163,-0.00486332131549716,3.8662612438201904
705,1,0,0.7915601134300232,-0.22018073499202728,-0.0038015672471374273,5.152137279510498
706,1,0,0.951877772808075,-0.21140985190868378,-0.01447199285030365,5.407342433929443
707,1,0,0.9749476313591003,-0.2222309559583664,-0.016998834908008575,5.420103549957275
708,1,0,0.9920914173126221,-0.21079163253307343,-0.01648849807679653,5.389946460723877
709,1,0,0.9627435207366943,-0.20726241171360016,-0.016532471403479576,5.382553577423096
710,1,0,0.9413149356842041,-0.21092452108860016,-0.01681247167289257,5.364320278167725
711,1,0,0.9497470855712891,-0.22006212174892426,-0.018151281401515007,5.326695442199707
712,1,0,0.9659306406974792,-0.2098737210035324,-0.019885340705513954,5.281815528869629
713,1,0,0.9715718626976013,-0.19479618966579437,-0.022685378789901733,5.250792980194092
714,1,0,0.9709820747375488,-0.1722766011953354,-0.05318693444132805,5.169658660888672
715,1,0,0.9219171404838562,-0.1678576022386551,-0.053320348262786865,5.223787307739258
716,1,0,0.9301736950874329,-0.162090465426445,-0.04297435283660889,5.239251136779785
717,1,0,0.9430684447288513,-0.13235141336917877,-0.04670931026339531,5.179659366607666
718,1,0,0.9873870015144348,-0.11517682671546936,-0.045042648911476135,5.1318440437316895
719,1,0,1.0246442556381226,-0.1155756339430809,-0.043345857411623,5.095396518707275
720,1,0,1.0465987920761108,-0.07630511373281479,-0.03928409144282341,5.108830451965332
721,1,0,1.077628254890442,-0.07372968643903732,-0.03195710852742195,5.215240478515625
722,1,0,1.0682415962219238,-0.13993166387081146,-0.02531757950782776,5.313165664672852
723,1,0,1.0460429191589355,-0.14628489315509796,-0.02750411629676819,5.312986373901367
724,1,0,1.0573405027389526,-0.15466512739658356,-0.02446441911160946,5.282896518707275
725,1,0,1.058199167251587,-0.16456834971904755,-0.017815006896853447,5.265533924102783
726,1,0,1.0672811269760132,-0.16894304752349854,-0.014285934157669544,5.233640193939209
727,1,0,1.070658802986145,-0.17308668792247772,-0.009573222137987614,5.25067663192749
728,1,0,1.0700145959854126,-0.1810799241065979,-0.010634597390890121,5.254897117614746
729,1,0,1.0635881423950195,-0.1836240291595459,-0.01094441395252943,5.288320541381836
730,1,0,1.0815943479537964,-0.17685264348983765,-0.008184627629816532,5.295886516571045
731,1,0,1.1019515991210938,-0.15922601521015167,-0.008763102814555168,5.262572765350342
732,1,0,1.078720211982727,-0.13074715435504913,-0.011574558913707733,5.210755825042725
733,1,0,1.041764259338379,-0.11015939712524414,-0.019632084295153618,5.2345871925354
734,1,0,1.006239891052246,-0.1284828931093216,-0.022263921797275543,5.2960205078125
735,1,0,0.9719502925872803,-0.11983086913824081,-0.02024190127849579,5.286679744720459
736,1,0,0.6643312573432922,0.09938201308250427,-0.011511825025081635,4.084446430206299
736,2,0,0.7864765524864197,-0.0029926311690360308,-0.003934861626476049,2.932659149169922
737,1,0,0.6806893944740295,0.10692443698644638,-0.022560231387615204,4.139549255371094
737,2,0,0.7222110629081726,-0.002371479058638215,-0.003612722037360072,2.658289670944214
738,1,0,0.7998825907707214,-0.05076165869832039,-0.05046345293521881,4.911828994750977
739,1,0,0.7294890284538269,-0.0673167034983635,-0.05697019025683403,4.636219501495361
740,1,0,0.5846362709999084,-0.023851150646805763,-0.04746714234352112,3.7440550327301025
747,1,0,0.5127325654029846,-0.11838710308074951,0.01460090558975935,2.77194881439209
750,1,0,1.073244333267212,0.3868187963962555,-0.0063925557769834995,5.513953685760498
751,1,0,1.062527060508728,0.346553236246109,0.0013408927479758859,5.423588275909424
752,1,0,1.072632908821106,0.3405294120311737,0.006666216999292374,5.403707981109619
753,1,0,1.0757044553756714,0.34162822365760803,0.008136781863868237,5.436391353607178
754,1,0,1.0744215250015259,0.3275756537914276,0.0011819236679002643,5.532754898071289
755,1,0,1.0972918272018433,0.339752197265625,-0.00795432273298502,5.60119104385376
756,1,0,1.1003097295761108,0.3497582972049713,-0.010770396329462528,5.627779483795166
757,1,0,1.1150617599487305,0.35791516304016113,-0.012945909984409809,5.663597106933594
758,1,0,1.1141486167907715,0.3498731851577759,-0.01105060800909996,5.693769931793213
759,1,0,1.109661340713501,0.3546968996524811,-0.01129008736461401,5.687885761260986
760,1,0,1.1013728380203247,0.3650420904159546,-0.02724391780793667,5.597551345825195
761,1,0,1.0671992301940918,0.3848356008529663,-0.028122762218117714,5.560455799102783
762,1,0,1.0658918619155884,0.3885299265384674,-0.028764287009835243,5.522714138031006
763,1,0,1.0364793539047241,0.4150930643081665,-0.03324859216809273,5.428730487823486
764,1,0,1.0306015014648438,0.40102967619895935,-0.029783636331558228,5.337602615356445
765,1,0,1.0554848909378052,0.3765917718410492,-0.026138124987483025,5.306223392486572
766,1,0,1.10210120677948,0.34912243485450745,-0.015917276963591576,5.359333515167236
767,1,0,1.119886040687561,0.3402579128742218,-0.01299230009317398,5.427587032318115
768,1,0,1.1345289945602417,0.328332781791687,-0.01553721446543932,5.462184429168701
769,1,0,1.1238559484481812,0.35699203610420227,-0.015519343316555023,5.546783447265625
770,1,0,1.0981675386428833,0.3916749060153961,-0.015433977358043194,5.602853298187256
771,1,0,1.1181631088256836,0.3714906871318817,-0.018985752016305923,5.606695652008057
772,1,0,1.1196911334991455,0.3636515140533447,-0.01126489695161581,5.6002516746521
773,1,0,1.0998762845993042,0.37069931626319885,-0.004530091304332018,5.5753631591796875
774,1,0,1.0847562551498413,0.37307071685791016,-0.008796005509793758,5.527632236480713
775,1,0,1.079553484916687,0.37893977761268616,-0.011495490558445454,5.486503601074219
776,1,0,1.1008089780807495,0.4081405699253082,-0.00808070320636034,5.525863170623779
777,1,0,1.1020458936691284,0.4155459403991699,-0.007216790225356817,5.504165172576904
778,1,0,1.0788294076919556,0.460968017578125,-0.014615594409406185,5.616550445556641
779,1,0,1.0596951246261597,0.4257481098175049,-0.014344473369419575,5.524378299713135
780,1,0,1.0603371858596802,0.40202054381370544,-0.014060798101127148,5.545394420623779
781,1,0,1.057902216911316,0.41353222727775574,-0.011489617638289928,5.634618282318115
782,1,0,1.0668398141860962,0.44636690616607666,-0.011909042485058308,5.791895389556885
783,1,0,1.0474721193313599,0.43238794803619385,-0.011051935143768787,5.780622959136963
784,1,0,1.0244873762130737,0.4383324682712555,-0.010732348076999187,5.725991725921631
785,1,0,0.9905419945716858,0.4369518458843231,-0.011208388023078442,5.7046217918396
786,1,0,0.9788222312927246,0.41962406039237976,-0.009003646671772003,5.6551384925842285
787,1,0,0.9738724231719971,0.43053141236305237,-0.006532574538141489,5.656744003295898
788,1,0,0.9324062466621399,0.4512655436992645,-0.0065247672609984875,5.505133152008057
789,1,0,0.8893454670906067,0.4310917556285858,-0.00552278570830822,5.413321018218994
790,1,0,0.9059264659881592,0.3951490819454193,-0.004950822796672583,5.328641414642334
791,1,0,0.9031402468681335,0.3826366364955902,-0.0033089525531977415,5.254568099975586
792,1,0,0.8751428127288818,0.38735899329185486,-0.0018915795953944325,5.085463047027588
793,1,0,0.8336960673332214,0.38353168964385986,0.00025708440807648003,4.8878350257873535
794,1,0,0.777677059173584,0.3837532699108124,0.008788010105490685,4.527527809143066
795,1,0,0.8602072596549988,0.4508403241634369,-0.004562735557556152,5.288354396820068
796,1,0,0.9545370936393738,0.4674452543258667,-0.003778421552851796,5.708578109741211
797,1,0,1.0016413927078247,0.4896540343761444,-0.006889646872878075,5.823362827301025
798,1,0,1.0310958623886108,0.3991875648498535,-0.007110911887139082,5.570631504058838
799,1,0,0.7576835751533508,0.09848790615797043,0.019498111680150032,3.534675359725952
817,1,0,0.5022339224815369,0.13999611139297485,-0.01045399159193039,1.9851020574569702
818,1,0,1.0058120489120483,0.2983243763446808,-0.025221506133675575,3.4758989810943604
819,1,0,1.0283199548721313,0.3046158254146576,-0.028463048860430717,3.587786912918091
819,6,0,0.5118969678878784,-0.01355208083987236,-0.00414979737251997,3.278491497039795
820,1,0,0.4842990040779114,0.14948156476020813,-0.001187846064567566,2.276658535003662
820,6,0,0.6177342534065247,-0.01985020563006401,-0.0008070209878496826,4.134933948516846
821,6,0,0.6252749562263489,-0.01681848056614399,-0.002108730608597398,3.927508592605591
822,6,0,0.5738331079483032,-0.012774556875228882,-0.0032446503173559904,3.3689987659454346
823,1,0,0.7093837261199951,0.245578333735466,-0.005484071094542742,2.7947540283203125
824,1,0,1.041966438293457,0.3705381155014038,-0.01990274153649807,3.568786382675171
825,1,0,1.0897256135940552,0.37541863322257996,-0.02361646108329296,3.654881238937378
826,1,0,1.0729314088821411,0.35701289772987366,-0.029157845303416252,3.6212968826293945
827,1,0,1.0722005367279053,0.3542802035808563,-0.028270060196518898,3.697744369506836
828,1,0,1.112649917602539,0.35282590985298157,-0.03808731958270073,3.812612533569336
829,1,0,1.1334744691848755,0.35790160298347473,-0.04018126428127289,3.8376057147979736
830,1,0,1.1194835901260376,0.34453967213630676,-0.03710275888442993,3.7846615314483643
831,1,0,1.0886667966842651,0.34203243255615234,-0.03789516165852547,3.7077701091766357
832,1,0,1.080795407295227,0.3345710337162018,-0.038736626505851746,3.6973438262939453
833,1,0,1.0777815580368042,0.3415871560573578,-0.04084240272641182,3.6856606006622314
834,1,0,0.9860010147094727,0.35030806064605713,-0.03956464305520058,3.5084598064422607
900,1,0,0.603327751159668,-0.24380247294902802,0.03575026988983154,4.220409393310547
901,1,0,0.6796993613243103,-0.35737141966819763,0.022503657266497612,4.809431076049805
902,1,0,0.7107224464416504,-0.3986412286758423,0.018977656960487366,4.941183090209961
903,1,0,0.6750057339668274,-0.42352280020713806,0.02351846732199192,5.089565277099609
904,1,0,0.6943556666374207,-0.40719565749168396,0.024295618757605553,5.117681980133057
905,1,0,0.6570571064949036,-0.42205771803855896,0.02114446647465229,5.046813488006592
906,1,0,0.678441047668457,-0.4170459806919098,0.014297145418822765,5.050082683563232
907,1,0,0.6581429839134216,-0.4229966700077057,0.014000159688293934,5.075672149658203
908,1,0,0.669313907623291,-0.39869222044944763,0.01264421921223402,5.069045543670654
909,1,0,0.6568359732627869,-0.4159172773361206,0.01668434590101242,5.060779094696045
910,1,0,0.657959520816803,-0.4195762574672699,0.017415577545762062,5.038785457611084
911,1,0,0.6816888451576233,-0.40155673027038574,0.015980185940861702,5.033546447753906
912,1,0,0.6881104111671448,-0.38099727034568787,0.013226233422756195,5.027956008911133
913,1,0,0.6607412695884705,-0.40028154850006104,0.01589253731071949,5.024845123291016
914,1,0,0.6567197442054749,-0.3906075954437256,0.019325539469718933,5.000918865203857
915,1,0,0.6256383657455444,-0.4112198054790497,0.024899711832404137,4.952118396759033
916,1,0,0.5384523272514343,-0.42959871888160706,0.026890108361840248,4.988585472106934
917,1,0,0.5448303818702698,-0.40658989548683167,0.030964283272624016,4.939653396606445
918,1,0,0.6087254881858826,-0.4064497947692871,0.033223286271095276,4.98506498336792
919,1,0,0.6174092888832092,-0.39649859070777893,0.027687834575772285,4.937122344970703
920,1,0,0.6265533566474915,-0.4359477460384369,0.032631050795316696,5.000057220458984
921,1,0,0.6754665374755859,-0.44379451870918274,0.03263971582055092,5.063488006591797
922,1,0,0.6772120594978333,-0.35787081718444824,0.03968072310090065,5.092288494110107
923,0,0,0.6823821067810059,-0.29283609986305237,0.0179756972938776,3.3705806732177734
924,0,0,0.7302454113960266,-0.31837546825408936,0.01686837337911129,3.521371841430664
925,0,0,0.7237803339958191,-0.29200875759124756,0.010384787805378437,3.358196496963501
926,0,0,0.710001528263092,-0.3103594481945038,0.010202987119555473,3.3382484912872314
927,0,0,0.7684030532836914,-0.3665640652179718,0.01202824991196394,3.511766195297241
928,0,0,0.7499234676361084,-0.365302175283432,0.011457237415015697,3.5198943614959717
929,0,0,0.7780554890632629,-0.40153101086616516,0.012843124568462372,3.651127576828003
930,0,0,0.7472036480903625,-0.4021879732608795,0.012928497977554798,3.6851470470428467
931,0,0,0.6984675526618958,-0.4132709801197052,0.014780295081436634,3.7257535457611084
932,0,0,0.6752853393554688,-0.4258229434490204,0.01619347743690014,3.792701005935669
933,0,0,0.6458014845848083,-0.4415922462940216,0.018900031223893166,3.9448413848876953
934,0,0,0.6072795987129211,-0.43294557929039,0.019472559913992882,3.846250295639038
935,0,0,0.6680798530578613,-0.41287028789520264,0.02090304158627987,3.914510726928711
936,0,0,0.5638267993927002,-0.43040215969085693,0.02482651174068451,3.9307548999786377
937,0,0,0.554412841796875,-0.4204995632171631,0.023435980081558228,3.8916759490966797
938,0,0,0.5599667429924011,-0.4254729747772217,0.0224437415599823,3.9021804332733154
939,0,0,0.5934920907020569,-0.42022809386253357,0.021848460659384727,3.899707794189453
940,0,0,0.5524108409881592,-0.4117525815963745,0.023654324933886528,3.810188055038452
941,0,0,0.5533044934272766,-0.43105506896972656,0.02499050833284855,3.8283770084381104
942,0,0,0.5161139369010925,-0.46364495158195496,0.024499021470546722,3.875748872756958
943,0,0,0.4189494550228119,-0.49691691994667053,0.0261868666857481,3.862372398376465
944,0,0,0.33425354957580566,-0.5077292919158936,0.026559889316558838,3.801378011703491
945,0,0,0.3039951026439667,-0.5115569829940796,0.03092369996011257,3.849053382873535
946,0,0,0.24280381202697754,-0.4900684654712677,0.0343039371073246,3.7704012393951416
947,0,0,0.27738869190216064,-0.4351840615272522,0.03018113225698471,3.705531120300293
948,0,0,0.3551028072834015,-0.3889450132846832,0.02756487764418125,3.8192203044891357
951,4,0,0.4556220769882202,-0.3039131164550781,0.014326149597764015,4.801164627075195
952,4,0,0.4386785626411438,-0.34975361824035645,0.013493698090314865,4.7447919845581055
953,4,0,0.42839717864990234,-0.33853763341903687,0.01363551989197731,4.782012939453125
954,4,0,0.458498477935791,-0.3035505414009094,0.014451232738792896,4.847185134887695
955,4,0,0.44833141565322876,-0.29893678426742554,0.014939684420824051,4.909090995788574
956,4,0,0.4873191714286804,-0.2793048620223999,0.015396635048091412,4.955595016479492
957,4,0,0.5226508378982544,-0.24637138843536377,0.013697108253836632,4.937310218811035
958,4,0,0.5158769488334656,-0.24930264055728912,0.015054360032081604,5.039442539215088
959,4,0,0.5550653338432312,-0.2565222978591919,0.01535837072879076,5.166049480438232
960,4,0,0.5753011107444763,-0.2608765661716461,0.015138027258217335,5.161308288574219
961,4,0,0.5727235674858093,-0.2573089301586151,0.016248216852545738,5.089475631713867
962,4,0,0.5526329874992371,-0.24596858024597168,0.01782810129225254,5.162044048309326
963,4,0,0.4977989196777344,-0.24305851757526398,0.0160308126360178,5.019563674926758
964,4,0,0.4928995668888092,-0.24574364721775055,0.01686977595090866,4.84131383895874
965,4,0,0.4861298203468323,-0.2029293179512024,0.015269365161657333,4.595101356506348
982,0,0,0.5305998921394348,-0.00043177278712391853,0.011623194441199303,4.363578796386719
983,0,0,0.5455829501152039,0.01142438780516386,0.010306618176400661,4.496248245239258
984,0,0,0.5823809504508972,0.038393087685108185,0.01157494354993105,4.709278106689453
985,0,0,0.6086476445198059,0.06315555423498154,0.011857554316520691,4.8947858810424805
986,0,0,0.6180580854415894,0.03531777858734131,0.01193856168538332,4.809034824371338
987,0,0,0.6581778526306152,0.04233388230204582,0.0038475841283798218,4.731037139892578
988,0,0,0.6148871779441833,0.05039646103978157,0.004299566615372896,4.654743194580078
989,0,0,0.5351307988166809,0.08787085860967636,0.0018608765676617622,4.3390679359436035
990,0,0,0.49973586201667786,0.07192391157150269,0.004804971627891064,4.166701316833496
992,0,0,0.49824216961860657,0.06121588125824928,0.013836780562996864,4.22396183013916
1001,4,0,0.6596251726150513,0.011626911349594593,0.012451407499611378,3.505920171737671
1002,4,0,0.7353536486625671,-0.0002142302691936493,0.014519796706736088,4.110621929168701
1003,4,0,0.639793336391449,-0.012552867643535137,0.014145824126899242,3.6587164402008057
1004,4,0,0.5473986864089966,-0.05839312821626663,0.013594919815659523,2.708305835723877
1005,1,0,0.8031473755836487,-0.4377354383468628,0.010256045497953892,3.265362024307251
1005,2,0,0.5055415034294128,-0.006023538764566183,-0.008022879250347614,1.0117965936660767
1006,1,0,0.9481424689292908,-0.46601352095603943,0.006241474766284227,3.9423558712005615
1006,2,0,0.5551072955131531,-0.010516519658267498,-0.010824245400726795,1.0762017965316772
1006,4,0,0.5219151973724365,-0.02309361658990383,0.010534824803471565,2.489499568939209
1007,1,0,0.8802639842033386,-0.4360330402851105,-0.009288150817155838,3.8592379093170166
1007,2,0,0.5233449339866638,-0.011735230684280396,-0.01140053104609251,1.054614543914795
1007,4,0,0.8961150646209717,0.024856338277459145,0.01547128427773714,4.981579780578613
1008,1,0,0.8486329913139343,-0.3526020050048828,-0.01726905256509781,3.723407745361328
1008,4,0,0.9841734766960144,0.04071204736828804,0.01612887717783451,5.621561527252197
1009,1,0,0.8539770245552063,-0.2945425808429718,-0.017494557425379753,3.668394088745117
1009,4,0,0.9968989491462708,0.054752785712480545,0.01568504609167576,5.695625305175781
1010,1,0,0.9282185435295105,-0.2342197299003601,-0.015560249797999859,3.7296035289764404
1010,4,0,1.0035667419433594,0.009196837432682514,0.016114216297864914,5.7056193351745605
1011,1,0,0.9809749722480774,-0.09616131335496902,-0.025240248069167137,3.618143320083618
1011,4,0,1.0046690702438354,0.02051086537539959,0.012892370112240314,5.718227863311768
1012,1,0,0.9788296222686768,-0.0955839529633522,-0.02237495221197605,3.537546157836914
1012,4,0,1.0154662132263184,0.06279616802930832,0.013866964727640152,5.835456848144531
1013,1,0,0.883004367351532,-0.09962616115808487,-0.016881609335541725,3.322906494140625
1013,4,0,1.0430783033370972,0.04723397269845009,0.01426954846829176,5.9547810554504395
1014,1,0,0.9526291489601135,0.021813461557030678,-0.014997580088675022,2.9938576221466064
1014,4,0,1.01305091381073,0.015690574422478676,0.014518588781356812,5.977752685546875
1015,1,0,0.8420223593711853,0.02366863191127777,-0.01260604802519083,2.623526096343994
1015,4,0,1.012080192565918,0.02940373867750168,0.015504877083003521,6.180882930755615
1016,1,0,0.7009376883506775,-0.03643025830388069,-0.0008114527445286512,2.392576217651367
1016,4,0,1.0111850500106812,0.009148252196609974,0.016760623082518578,6.285452365875244
1017,4,0,1.0459105968475342,-0.028724098578095436,0.018368523567914963,6.426187038421631
1018,4,0,1.037390112876892,-0.02165313810110092,0.019213564693927765,6.475419521331787
1019,4,0,0.9953568577766418,-0.018370557576417923,0.019925160333514214,6.436113357543945
1020,4,0,0.9524173736572266,-0.01625249907374382,0.01976901851594448,6.338419437408447
1021,4,0,0.9294085502624512,-0.013497860170900822,0.01920369826257229,6.263669967651367
1022,4,0,0.9432618618011475,-0.01993301697075367,0.019184524193406105,6.267494201660156
1023,4,0,0.9394292235374451,-0.01857973076403141,0.018927590921521187,6.234934329986572
1024,4,0,0.9453207850456238,-0.025556281208992004,0.018279744312167168,6.228301525115967
1025,4,0,0.9400162100791931,-0.01742240972816944,0.017957061529159546,6.175924777984619
1026,4,0,0.9393661618232727,-0.02388574369251728,0.01728803664445877,6.154078006744385
1027,4,0,0.9283295273780823,-0.019298724830150604,0.01832251250743866,6.198318004608154
1028,4,0,0.9342783093452454,-0.02097684144973755,0.01841183751821518,6.1691575050354
1029,4,0,0.9547972679138184,0.0015615517040714622,0.017382165417075157,6.086370944976807
1030,4,0,0.9738853573799133,0.0074777607806026936,0.01688997447490692,6.076756000518799
1031,4,0,0.9749119877815247,0.014047570526599884,0.017470940947532654,6.123164653778076
1032,4,0,0.9624762535095215,0.011064971797168255,0.01602226309478283,5.8818511962890625
1033,0,0,0.5600736737251282,-0.3239036500453949,0.013932670466601849,4.153806686401367
1033,4,0,0.8229150772094727,0.057529304176568985,0.01537268701940775,4.99739408493042
1034,0,0,0.6281401515007019,-0.2880406677722931,0.014441706240177155,4.430437088012695
1034,4,0,0.6104552149772644,0.06085953116416931,0.012065534479916096,3.8041083812713623
1035,0,0,0.677285373210907,-0.24929435551166534,0.01639392413198948,4.544044017791748
1036,0,0,0.6878541111946106,-0.25009384751319885,0.016457952558994293,4.557737350463867
1037,0,0,0.6745089888572693,-0.25353777408599854,0.015443124808371067,4.525360584259033
1038,0,0,0.7166640162467957,-0.2704280912876129,0.011688735336065292,4.623602390289307
1039,0,0,0.7312207818031311,-0.257769376039505,0.01010869350284338,4.607489109039307
1040,0,0,0.7434828877449036,-0.20889626443386078,0.010524663142859936,4.5391154289245605
1041,0,0,0.6693025231361389,-0.13760198652744293,0.010910009033977985,4.265655517578125
1042,0,0,0.587145209312439,-0.1261851042509079,0.01478466298431158,4.20678186416626
1043,0,0,0.6239743232727051,-0.2555297911167145,0.01708059571683407,4.409034252166748
1044,0,0,0.6364925503730774,-0.27678191661834717,0.01860842853784561,4.448890686035156
1045,0,0,0.622621476650238,-0.21866555511951447,0.01998983323574066,4.44459867477417
1046,0,0,0.5216982364654541,-0.09391552954912186,0.019278159365057945,4.043770790100098
1050,0,0,1.0557057857513428,0.21173542737960815,-0.008240463212132454,4.2437615394592285
1051,0,0,1.0889272689819336,0.20587313175201416,-0.005866024177521467,4.164147853851318
1052,0,0,1.0751484632492065,0.19386018812656403,-0.006088511552661657,4.075376987457275
1053,0,0,1.070623517036438,0.16215109825134277,-0.004593237768858671,4.008635997772217
1054,0,0,1.0728495121002197,0.13594122231006622,-0.003764985129237175,3.965690851211548
1055,0,0,1.0649148225784302,0.15456080436706543,-0.008322917856276035,3.9725639820098877
1056,0,0,1.0744585990905762,0.18911947309970856,-0.008038829080760479,3.9963951110839844
1057,0,0,1.0837782621383667,0.22106169164180756,-0.005560674238950014,4.054138660430908
1058,0,0,1.0839035511016846,0.2151593714952469,-0.007811892312020063,4.071474075317383
1059,0,0,1.076042652130127,0.24935948848724365,-0.011566157452762127,4.121443271636963
1060,0,0,1.0656639337539673,0.258810430765152,-0.01293558906763792,4.10646390914917
1061,0,0,1.0451565980911255,0.25398752093315125,-0.010702318511903286,4.1415486335754395
1062,0,0,1.0437208414077759,0.26922598481178284,-0.007487556431442499,4.189645767211914
1063,0,0,1.0158954858779907,0.27413102984428406,-0.005302227567881346,4.233506679534912
1064,0,0,0.9798896908760071,0.29188182950019836,-0.002769583137705922,4.33733606338501
1065,0,0,0.9897961020469666,0.29018211364746094,0.0007462503272108734,4.393576622009277
1066,0,0,1.0357065200805664,0.24033701419830322,0.002313857199624181,4.294726371765137
1067,0,0,1.027524471282959,0.20701223611831665,0.0045390501618385315,4.263891696929932
1068,0,0,1.017716407775879,0.18699757754802704,0.01045636460185051,4.30831241607666
1069,0,0,1.0293138027191162,0.14622101187705994,0.010159631259739399,4.374114990234375
1070,0,0,1.01002037525177,0.1412956863641739,0.008090284653007984,4.262111186981201
1071,0,0,1.0244494676589966,0.17629165947437286,0.00919079128652811,4.252548694610596
1072,0,0,1.019950032234192,0.2025551050901413,0.00844843965023756,4.215381145477295
1073,0,0,0.8968479037284851,0.21818850934505463,0.006906131748110056,3.834644079208374
1074,0,0,1.0154143571853638,0.2687293291091919,-0.0021519921720027924,3.9269981384277344
1075,0,0,1.0117958784103394,0.2640416622161865,-0.005914211738854647,3.9095020294189453
1076,0,0,1.0510482788085938,0.23270975053310394,-0.005223566200584173,3.942089796066284
1077,0,0,1.065850019454956,0.20828090608119965,-0.005346596706658602,3.9322526454925537
1078,0,0,1.1245405673980713,0.18644976615905762,-0.005267782136797905,3.915734052658081
1079,0,0,1.0620876550674438,0.17883212864398956,-0.006864482071250677,3.8153135776519775
1080,0,0,1.071500301361084,0.17107443511486053,-0.004954829346388578,3.8467190265655518
1081,0,0,1.0885311365127563,0.17772068083286285,-0.004093254916369915,3.90193247795105
1082,0,0,1.1045122146606445,0.1936047524213791,-0.003335884539410472,3.932725667953491
1083,0,0,1.0696548223495483,0.21267294883728027,-0.007681767921894789,3.8559303283691406
1084,0,0,1.0724126100540161,0.2061326950788498,-0.008946250192821026,3.8870303630828857
1085,0,0,1.12152898311615,0.18245787918567657,-0.005434669088572264,3.9683988094329834
1086,0,0,1.147864580154419,0.17236639559268951,-0.004155597649514675,3.9804458618164062
1087,0,0,1.1593910455703735,0.1723468154668808,-0.004304056521505117,4.0204596519470215
1088,0,0,1.1451683044433594,0.16593241691589355,-0.006025375332683325,3.99143123626709
1089,0,0,1.1358256340026855,0.15524770319461823,-0.005222824867814779,3.9889020919799805
1090,0,0,1.107674479484558,0.1600634604692459,-0.005594103131443262,4.005528450012207
1091,0,0,1.1472339630126953,0.1640939861536026,-0.004713501315563917,4.064296722412109
1092,0,0,1.1292089223861694,0.1852782815694809,-0.004093271680176258,4.099082946777344
1093,0,0,1.1530593633651733,0.1610170155763626,-0.00469501968473196,4.086394786834717
1094,0,0,1.1196997165679932,0.16977334022521973,-0.0058952029794454575,4.110464096069336
1095,0,0,1.0909429788589478,0.17362003028392792,-0.006661258637905121,4.130936145782471
1096,0,0,1.0964182615280151,0.17116396129131317,-0.007325754035264254,4.1812262535095215
1097,0,0,1.081954836845398,0.20301330089569092,-0.008711181581020355,4.138173580169678
1098,0,0,1.0693063735961914,0.22839486598968506,-0.007929493673145771,4.119650363922119
1099,0,0,0.7943403124809265,0.20617716014385223,-0.00730924354866147,3.694819211959839
1100,4,0,0.6336019039154053,0.32495346665382385,0.02420632541179657,5.770985126495361
1101,4,0,0.62257981300354,0.26816412806510925,0.02455972135066986,5.413584232330322
1102,4,0,0.5663121342658997,0.18387830257415771,0.024430667981505394,4.482036113739014
1103,4,0,0.5339866876602173,0.24778978526592255,0.026492947712540627,4.709564685821533
1104,4,0,0.5407947897911072,0.24272102117538452,0.02768230438232422,5.253551483154297
1105,4,0,0.6083282828330994,0.2921825051307678,0.029351210221648216,6.036264419555664
1106,4,0,0.6446029543876648,0.3432449996471405,0.02810029126703739,6.174680233001709
1107,4,0,0.6404657959938049,0.3344744145870209,0.02610536850988865,6.084157466888428
1108,4,0,0.6145257353782654,0.3353894054889679,0.025884196162223816,6.000328540802002
1109,4,0,0.606289803981781,0.3557465076446533,0.024857178330421448,6.048734188079834
1110,4,0,0.6095099449157715,0.3634462356567383,0.024944059550762177,6.138916015625
1111,4,0,0.6299988627433777,0.3762398958206177,0.025403067469596863,6.261900424957275
1112,4,0,0.6179010272026062,0.3560378849506378,0.026522964239120483,6.32347297668457
1113,4,0,0.6388293504714966,0.3467102348804474,0.026111915707588196,6.348658084869385
1114,4,0,0.6269177794456482,0.3584836423397064,0.026043489575386047,6.255101680755615
1115,4,0,0.593578040599823,0.35350069403648376,0.027955343946814537,6.214788913726807
1116,4,0,0.5907672047615051,0.38549160957336426,0.027070820331573486,5.796842098236084
1117,4,0,0.5718944668769836,0.3555234372615814,0.028319180011749268,5.608692646026611
1118,4,0,0.5782390236854553,0.3601202070713043,0.029643578454852104,5.677065372467041
1119,4,0,0.5791985988616943,0.3575916290283203,0.025338707491755486,5.716087341308594
1120,4,0,0.5905452370643616,0.34442055225372314,0.026965459808707237,5.803042888641357
1121,4,0,0.5887773633003235,0.29933008551597595,0.026399074122309685,5.863511562347412
1122,4,0,0.5425316691398621,0.3036470115184784,0.02713976986706257,5.809122085571289
1123,4,0,0.5288916230201721,0.28169482946395874,0.026604773476719856,5.858235836029053
1124,4,0,0.5308892726898193,0.2812492549419403,0.026576632633805275,5.938539505004883
1125,4,0,0.5523860454559326,0.2785877287387848,0.027515588328242302,6.003775119781494
1126,4,0,0.557783305644989,0.26206839084625244,0.02581351436674595,5.895076751708984
1127,4,0,0.5135959386825562,0.2381393164396286,0.026881834492087364,5.977804660797119
1128,4,0,0.5294649004936218,0.21119827032089233,0.02919182740151882,6.078187942504883
1129,4,0,0.5360873341560364,0.19752702116966248,0.02882109209895134,6.098527908325195
1130,4,0,0.5263941884040833,0.21840251982212067,0.029086684808135033,6.026027679443359
1131,4,0,0.5532279014587402,0.27270257472991943,0.027237996459007263,5.741176605224609
1132,4,0,0.5303806066513062,0.25046074390411377,0.027573654428124428,5.799691200256348
1133,4,0,0.5258546471595764,0.21292515099048615,0.028979875147342682,5.7021484375
1134,4,0,0.5495677590370178,0.22533458471298218,0.025204239413142204,5.5584869384765625
1135,4,0,0.5371489524841309,0.22502879798412323,0.02753717452287674,5.568631172180176
1136,4,0,0.45806971192359924,0.21017274260520935,0.02974936179816723,5.767016410827637
1153,4,0,0.4944239556789398,-0.26713889837265015,0.011053849942982197,2.768063545227051
1158,1,0,0.6570523381233215,-0.24926526844501495,0.04236369952559471,4.200756072998047
1159,1,0,0.881977379322052,-0.33280396461486816,0.014179070480167866,5.284618377685547
1159,4,0,0.496223121881485,-0.29494765400886536,0.004617357160896063,2.51507830619812
1160,1,0,0.8241508603096008,-0.27487316727638245,0.008136981166899204,5.217698574066162
1160,4,0,0.7071624398231506,-0.3557775020599365,0.004830308258533478,3.3638408184051514
1161,1,0,0.8623905777931213,-0.2739041745662689,-0.0014709007227793336,5.048922061920166
1161,4,0,0.8177384734153748,-0.3211847245693207,0.0038566954899579287,3.780604600906372
1162,1,0,0.8442245125770569,-0.2525932490825653,-0.0001311507512582466,5.08559513092041
1162,4,0,0.824565589427948,-0.30317696928977966,0.004243404138833284,3.835118293762207
1163,1,0,0.8917490839958191,-0.3147372305393219,-0.008292755112051964,5.058879852294922
1163,4,0,0.8130167126655579,-0.26005640625953674,0.0022090242709964514,3.8388631343841553
1164,1,0,0.8942744731903076,-0.29304710030555725,-0.007319896947592497,5.107065677642822
1164,4,0,0.808384895324707,-0.25221583247184753,0.002337418030947447,3.8610312938690186
1165,1,0,0.8835945129394531,-0.27946045994758606,-0.0037596055772155523,5.14491081237793
1165,4,0,0.8118801116943359,-0.25325101613998413,0.00307312048971653,3.8793299198150635
1166,1,0,0.8805896639823914,-0.2585998475551605,0.0026790921110659838,5.173398494720459
1166,4,0,0.7682846188545227,-0.2706613838672638,0.004111323971301317,3.782362699508667
1167,1,0,0.8819888234138489,-0.25308188796043396,0.007349618244916201,5.119369983673096
1167,4,0,0.7149526476860046,-0.27847781777381897,0.005736012011766434,3.6702136993408203
1168,1,0,0.8839194774627686,-0.253391832113266,0.016350775957107544,5.238561630249023
1168,4,0,0.5913663506507874,-0.21469540894031525,0.00719163054600358,3.1518752574920654
1169,1,0,0.8850560784339905,-0.2388223260641098,0.023120230063796043,5.3314690589904785
1169,4,0,0.5698707699775696,-0.23661331832408905,0.00848951656371355,3.076165199279785
1170,1,0,0.942965567111969,-0.29610374569892883,0.031420789659023285,5.496333599090576
1171,1,0,0.934943675994873,-0.2578244209289551,0.03942948952317238,5.765822887420654
1172,1,0,0.9329149127006531,-0.33051350712776184,0.04015016183257103,5.659141540527344
1173,1,0,0.9169252514839172,-0.31325802206993103,0.04005560651421547,5.747991561889648
1174,1,0,0.9144739508628845,-0.315704345703125,0.0380057729780674,5.722303867340088
1175,1,0,0.8983407020568848,-0.2917991578578949,0.03734255209565163,5.665624141693115
1176,1,0,0.8893993496894836,-0.2808767855167389,0.037215277552604675,5.602059841156006
1177,1,0,0.8965781331062317,-0.29771044850349426,0.03553765267133713,5.616709232330322
1178,1,0,0.8986946940422058,-0.3090536892414093,0.03313136100769043,5.569942951202393
1179,1,0,0.882707417011261,-0.2800220549106598,0.03426848724484444,5.672318935394287
1180,1,0,0.8927695751190186,-0.2581053078174591,0.029499419033527374,5.656783580780029
1181,1,0,0.902580738067627,-0.2897099554538727,0.037396397441625595,5.691242218017578
1182,1,0,0.9233991503715515,-0.30073311924934387,0.03266838565468788,5.541043758392334
1183,1,0,0.9099736213684082,-0.32658621668815613,0.039925623685121536,5.596261978149414
1184,1,0,0.9242284297943115,-0.3397739827632904,0.04719933867454529,5.688283920288086
1185,1,0,0.9673676490783691,-0.3563252389431,0.0421743206679821,5.44539213180542
1186,1,0,0.9846621155738831,-0.34366992115974426,0.03947445750236511,5.431266784667969
1187,1,0,0.9797328114509583,-0.28926751017570496,0.041792020201683044,5.5791449546813965
1188,1,0,0.99567049741745,-0.2753123342990875,0.036374930292367935,5.525021076202393
1189,1,0,0.993717610836029,-0.3050028085708618,0.028192618861794472,5.398672103881836
1190,1,0,0.9878067970275879,-0.30027273297309875,0.02550444006919861,5.431771755218506
1191,1,0,0.9958062171936035,-0.3142305612564087,0.029053039848804474,5.408309459686279
1192,1,0,0.9889470934867859,-0.2903057634830475,0.038291048258543015,5.522334575653076
1193,1,0,0.9195217490196228,-0.29000744223594666,0.03853616863489151,5.405195713043213
1194,1,0,0.8942634463310242,-0.25467655062675476,0.03423784673213959,5.343323230743408
1195,1,0,0.9193411469459534,-0.25230929255485535,0.036148399114608765,5.138256072998047
1196,1,0,0.8364031910896301,-0.20287573337554932,0.04559323191642761,4.60535192489624
1201,0,0,0.5581806302070618,-0.18392521142959595,0.010476824827492237,2.6811411380767822
1202,0,0,0.9793860912322998,-0.187727689743042,0.0027909178752452135,4.741321086883545
1203,0,0,0.9056106209754944,-0.10321082919836044,-0.0005018823430873454,4.704486846923828
1204,0,0,0.8860037922859192,-0.0971282348036766,-0.0007893889560364187,4.746852397918701
1205,0,0,0.9296329021453857,-0.06982254981994629,-0.0008266831282526255,4.8882222175598145
1206,0,0,0.9440316557884216,-0.07233848422765732,-0.002567088231444359,4.880762577056885
1207,0,0,0.9236103892326355,-0.06934013217687607,-0.008002854883670807,4.839080810546875
1208,0,0,0.9332807660102844,-0.0758739486336708,-0.009725581854581833,4.8326640129089355
1209,0,0,0.9383864998817444,-0.09643319249153137,-0.008544215932488441,4.852393627166748
1210,0,0,0.9511292576789856,-0.09019175916910172,-0.006750026252120733,4.900484561920166
1211,0,0,0.9845767021179199,-0.09898918867111206,-0.005477992817759514,5.023040294647217
1212,0,0,1.0173964500427246,-0.10136636346578598,-0.004318130202591419,5.054561614990234
1213,0,0,1.0064202547073364,-0.12004107236862183,-0.005889981985092163,5.007940292358398
1214,0,0,0.9424694180488586,-0.06992269307374954,-0.007394613232463598,5.014076232910156
1215,0,0,0.9541676640510559,-0.04340790584683418,-0.005540980491787195,5.106693267822266
1216,0,0,0.9961967468261719,-0.07695364207029343,-0.0034976955503225327,5.130878925323486
1217,0,0,1.0319474935531616,-0.11298742145299911,-0.00233846646733582,5.100385665893555
1218,0,0,1.0381908416748047,-0.13537825644016266,-0.0008309416589327157,5.075820446014404
1219,0,0,0.983051598072052,-0.11302415281534195,0.0016952859004959464,5.0427751541137695
1220,0,0,0.9167664647102356,-0.08900155872106552,0.003105761483311653,5.0801777839660645
1221,0,0,0.9281005859375,-0.09856406599283218,0.0007534385658800602,5.088240146636963
1222,0,0,0.8826649785041809,-0.0358772836625576,0.0022135607432574034,5.179862976074219
1223,0,0,0.892941951751709,-0.00045349294668994844,-0.00039531360380351543,5.346864223480225
1224,0,0,0.9191320538520813,-0.014859688468277454,-0.0007332746754400432,5.3162922859191895
1225,0,0,0.9226117134094238,0.023878643289208412,0.0007250980124808848,5.311248302459717
1226,0,0,0.8722429871559143,0.03289857134222984,0.003702390706166625,5.0270514488220215
1227,0,0,0.8417970538139343,0.03756863996386528,0.004445755388587713,5.142938137054443
1228,0,0,0.8351909518241882,0.01913168840110302,0.0014795782044529915,5.230161190032959
1229,0,0,0.8604345917701721,0.010903250426054,0.0016824742779135704,5.222494125366211
1230,0,0,0.871650218963623,0.06056855246424675,0.00010295150423189625,5.210409164428711
1231,0,0,0.8677822947502136,0.07500158995389938,-0.0007385408389382064,5.2082037925720215
1232,0,0,0.8943782448768616,0.07336161285638809,3.1799233966012252e-06,5.271338939666748
1233,0,0,0.8476855754852295,0.07680725306272507,0.0013983930693939328,5.261227130889893
1234,0,0,0.8419658541679382,0.07392662018537521,-0.00203508697450161,5.135345935821533
1235,0,0,0.8458865284919739,0.07133546471595764,0.0006275285850279033,5.204395771026611
1236,0,0,0.8659429550170898,0.07513424754142761,0.0019222662085667253,5.257841110229492
1237,0,0,0.8638327121734619,0.08154015988111496,0.002574411453679204,5.26075553894043
1238,0,0,0.851999044418335,0.09093737602233887,0.003116606967523694,5.29789400100708
1239,0,0,0.8358884453773499,0.10160434991121292,0.0004231543280184269,5.194145679473877
1240,0,0,0.8386631011962891,0.13150463998317719,-0.0008295217412523925,5.289985179901123
1241,0,0,0.8178381323814392,0.11812671273946762,-0.0019222907721996307,5.2672038078308105
1242,0,0,0.8191196918487549,0.07595070451498032,-0.0019736343529075384,5.173946380615234
1243,0,0,0.8242558836936951,0.09774494171142578,-0.002205111552029848,5.242339611053467
1244,0,0,0.8732381463050842,0.11787011474370956,-0.0009476187988184392,5.4545135498046875
1245,0,0,0.8410459160804749,0.1730080395936966,-0.00010082040535053238,5.472670078277588
1246,0,0,0.7770642638206482,0.20125971734523773,0.0028550412971526384,5.485179901123047
1247,0,0,0.7698929309844971,0.1761849969625473,0.003688366385176778,5.449927806854248
1248,0,0,0.7677727341651917,0.1736476868391037,0.003072780789807439,5.337747573852539
1249,0,0,0.5505065321922302,0.01554762851446867,0.0052825030870735645,3.4463398456573486
1250,1,0,1.028333306312561,-0.23696739971637726,0.012930959463119507,5.80246114730835
1251,1,0,1.0252677202224731,-0.23511181771755219,-0.002659368561580777,5.561086177825928
1252,1,0,0.9997175335884094,-0.20992642641067505,-0.005844306666404009,5.436845779418945
1253,1,0,0.9808454513549805,-0.21221061050891876,-0.00230279378592968,5.315101146697998
1254,1,0,0.9773869514465332,-0.2476239800453186,-0.0044294483959674835,5.308098316192627
1255,1,0,1.0172032117843628,-0.2673966586589813,-0.00996264349669218,5.273134231567383
1256,1,0,1.0255045890808105,-0.2674042880535126,-0.009573490358889103,5.18057107925415
1257,1,0,1.031473159790039,-0.27069395780563354,-0.008825643919408321,5.000490665435791
1258,1,0,1.0230860710144043,-0.24093930423259735,-0.0007374833221547306,4.898447513580322
1259,1,0,1.0098047256469727,-0.2092263251543045,-0.0020282482728362083,4.888530731201172
1260,1,0,0.9924004077911377,-0.18872074782848358,-0.006685132626444101,4.981805801391602
1261,1,0,0.9855985641479492,-0.2284722924232483,-0.0018364962888881564,4.752224922180176
1262,1,0,0.9513883590698242,-0.22863151133060455,0.0016559693031013012,4.557458877563477
1263,1,0,0.9267080426216125,-0.23158232867717743,0.005799112841486931,4.417388439178467
1264,1,0,0.9419685006141663,-0.22063316404819489,0.007027436047792435,4.638234615325928
1265,1,0,0.9534943699836731,-0.21051423251628876,0.01095071155577898,4.785467147827148
1266,1,0,0.9399557113647461,-0.22547467052936554,0.016086161136627197,4.6209588050842285
1267,1,0,0.9989274144172668,-0.26360827684402466,0.015950830653309822,4.897495746612549
1268,1,0,1.0178561210632324,-0.2889167070388794,0.014792345464229584,5.20769739151001
1269,1,0,1.0307517051696777,-0.2699505388736725,0.017206382006406784,5.39722204208374
1270,1,0,0.995716392993927,-0.24345307052135468,0.020061062648892403,5.321986675262451
1271,1,0,0.9754228591918945,-0.23918111622333527,0.0224350243806839,5.277861595153809
1272,1,0,0.9990814328193665,-0.2421020120382309,0.016155727207660675,5.490070343017578
1273,1,0,1.0015201568603516,-0.24672271311283112,0.0028833113610744476,5.34832239151001
1274,1,0,0.9910916686058044,-0.23147638142108917,-0.0004548098368104547,5.378896713256836
1275,1,0,0.9929726719856262,-0.22356291115283966,-0.0007864285144023597,5.389644145965576
1276,1,0,0.9703410267829895,-0.19556550681591034,0.0007529011345468462,5.461756229400635
1277,1,0,0.9689962863922119,-0.17877529561519623,0.0021647103130817413,5.457881450653076
1278,1,0,0.9758477807044983,-0.16927586495876312,0.0041459836065769196,5.503013610839844
1279,1,0,0.9808135628700256,-0.15314437448978424,0.006022645626217127,5.559895992279053
1280,1,0,0.9978699684143066,-0.15918666124343872,0.0077111427672207355,5.651534557342529
1281,1,0,1.016283392906189,-0.15396450459957123,0.0081406868994236,5.759555339813232
1282,1,0,1.0036901235580444,-0.1633409708738327,0.011608575470745564,5.730074405670166
1283,1,0,0.9777109026908875,-0.16811521351337433,-0.0024840435944497585,5.530219554901123
1284,1,0,0.9520120620727539,-0.13598550856113434,-0.00801103375852108,5.417165279388428
1285,1,0,0.9482433795928955,-0.12886331975460052,-0.007946162484586239,5.591278076171875
1286,1,0,0.9945967793464661,-0.1787339448928833,-0.006985315587371588,5.584896087646484
1287,1,0,1.0259124040603638,-0.19782035052776337,-0.014511126093566418,5.608192443847656
1288,1,0,1.0251483917236328,-0.1911487728357315,-0.015070763416588306,5.695133209228516
1289,1,0,1.0354877710342407,-0.20318448543548584,-0.012208070605993271,5.700262546539307
1290,1,0,1.0279172658920288,-0.1838991641998291,-0.012974745593965054,5.7575907707214355
1291,1,0,1.044236660003662,-0.20891021192073822,-0.012278169393539429,5.737833023071289
1292,1,0,1.0382763147354126,-0.20989643037319183,-0.011809666641056538,5.681501865386963
1293,1,0,1.0184911489486694,-0.22156482934951782,-0.014705042354762554,5.660667419433594
1294,1,0,1.0254344940185547,-0.2225894331932068,-0.01559294294565916,5.611492156982422
1295,1,0,1.0576564073562622,-0.20811207592487335,-0.01588047482073307,5.687135219573975
1296,1,0,1.037310242652893,-0.21718375384807587,-0.01699005253612995,5.721588134765625
1297,1,0,1.0521260499954224,-0.1835492104291916,-0.023969607427716255,5.686492919921875
1298,1,0,1.0447440147399902,-0.17139708995819092,-0.020066505298018456,5.565166473388672
1299,1,0,0.803325891494751,-0.18864445388317108,-0.0043842545710504055,4.157027721405029
1300,0,0,1.013434886932373,0.4190010130405426,-0.011965368874371052,5.940351963043213
1301,0,0,0.9970515370368958,0.41430988907814026,-0.0070046489126980305,5.812213897705078
1302,0,0,1.0454521179199219,0.3885103464126587,-0.0066527086310088634,5.686773300170898
1303,0,0,1.0477644205093384,0.4161226749420166,-0.008155041374266148,5.468290328979492
1304,0,0,0.9290290474891663,0.4741070568561554,-0.011340826749801636,5.566300868988037
1305,0,0,0.8238230347633362,0.5137566924095154,-0.00940396822988987,5.839015960693359
1306,0,0,0.8651196360588074,0.49565204977989197,-0.009743335656821728,5.892269134521484
1307,0,0,0.8915019035339355,0.47210052609443665,-0.01724761724472046,5.929904937744141
1308,0,0,0.9076064229011536,0.46178606152534485,-0.013986080884933472,5.993005275726318
1309,0,0,0.869417667388916,0.4622325897216797,-0.01100174617022276,6.115970611572266
1310,0,0,0.8691313862800598,0.461604505777359,-0.0096549978479743,6.163087368011475
1311,0,0,0.842293918132782,0.5110272765159607,-0.013918531127274036,6.155992031097412
1312,0,0,0.8558924794197083,0.5154009461402893,-0.014205936342477798,6.1502366065979
1313,0,0,0.8745594024658203,0.49942001700401306,-0.012546281330287457,6.182483673095703
1314,0,0,0.8835065960884094,0.491007000207901,-0.010075815953314304,6.2168965339660645
1315,0,0,0.888395369052887,0.4909258186817169,-0.011262021958827972,6.266621112823486
1316,0,0,0.864180862903595,0.5009395480155945,-0.0088394396007061,6.322393894195557
1317,0,0,0.8498193621635437,0.49201837182044983,-0.00731313182041049,6.349966049194336
1318,0,0,0.9363231658935547,0.36559224128723145,0.0033634209539741278,6.338615417480469
1319,0,0,0.9177927374839783,0.38112226128578186,0.00416739284992218,6.446284770965576
1320,0,0,0.7773146629333496,0.46088552474975586,-0.0011700832983478904,6.550429821014404
1321,0,0,0.732584536075592,0.45889508724212646,0.00024743363610468805,6.6230902671813965
1322,0,0,0.6772677898406982,0.4392785131931305,0.0004870682896580547,6.619425296783447
1323,0,0,0.637690007686615,0.4249555766582489,-0.0015565473586320877,6.653257846832275
1324,0,0,0.6792201399803162,0.4532254934310913,-0.005215635988861322,6.60136604309082
1325,0,0,0.7131752967834473,0.4624461233615875,-0.005602824967354536,6.646505832672119
1326,0,0,0.7799016833305359,0.48100706934928894,-0.002055071759968996,6.610401153564453
1327,0,0,0.7485129237174988,0.5026329159736633,-0.006448831874877214,6.570133209228516
1328,0,0,0.7884142994880676,0.5110886693000793,-0.0042466651648283005,6.520538330078125
1329,0,0,0.7852292656898499,0.5218809247016907,-0.0042150323279201984,6.483006954193115
1330,0,0,0.7881004214286804,0.5511202812194824,-0.0071955188177526,6.4405646324157715
1331,0,0,0.8156652450561523,0.5664637088775635,-0.009686143137514591,6.382234573364258
1332,0,0,0.8143103718757629,0.5602495074272156,-0.009586201049387455,6.38113260269165
1333,0,0,0.8480773568153381,0.5399212837219238,-0.0067035057581961155,6.348758220672607
1334,0,0,0.8415584564208984,0.5591439604759216,-0.0069494168274104595,6.305620193481445
1335,0,0,0.8618203997612,0.5645262598991394,-0.012059015221893787,6.215221881866455
1336,0,0,0.9109880924224854,0.5154356360435486,-0.009650087915360928,6.218591213226318
1337,0,0,0.9305911064147949,0.4520688056945801,-0.011129277758300304,6.221761226654053
1338,0,0,1.004511833190918,0.48580241203308105,-0.01283555943518877,6.095743656158447
1339,0,0,0.8945650458335876,0.5201218724250793,-0.012094502337276936,6.158291339874268
1340,0,0,0.8012177348136902,0.567897379398346,-0.012477938085794449,6.182100772857666
1341,0,0,0.7785066962242126,0.5681244134902954,-0.011817112565040588,6.175757884979248
1342,0,0,0.7596942782402039,0.5473461747169495,-0.009186663664877415,6.219783782958984
1343,0,0,0.7479822039604187,0.5188173651695251,-0.006173338741064072,6.260779857635498
1344,0,0,0.6963109970092773,0.4356733560562134,0.00015782448463141918,6.351690769195557
1345,0,0,0.6231861710548401,0.26888716220855713,0.011558125726878643,5.606313705444336
1347,0,0,0.6613859534263611,0.19505487382411957,0.019618870690464973,4.969027519226074
1351,0,0,0.6099088191986084,0.15868544578552246,0.007384421303868294,3.1388208866119385
1352,0,0,0.8303220272064209,0.26199159026145935,0.007133644539862871,4.054808616638184
1353,0,0,0.7463399767875671,0.2274811863899231,1.4017336070537567e-05,3.4549481868743896
1354,0,0,0.7589301466941833,0.2110377550125122,-0.0005271497648209333,3.718297004699707
1355,0,0,0.7011444568634033,0.21667145192623138,0.0023928775917738676,3.8260934352874756
1356,0,0,0.7123604416847229,0.2120198756456375,0.0009221929940395057,3.8755061626434326
1357,0,0,0.6663599610328674,0.21395565569400787,-0.0013186390278860927,3.799044370651245
1358,0,0,0.6622450351715088,0.18234312534332275,-0.0020881795790046453,3.7557613849639893
1359,0,0,0.7386288642883301,0.15363189578056335,-0.0013194112107157707,3.8750216960906982
1360,0,0,0.610104501247406,0.16050811111927032,0.002618021098896861,3.39505672454834
1361,0,0,0.6646437644958496,0.15243984758853912,0.0007466046954505146,3.5545270442962646
1362,0,0,0.7227592468261719,0.16915564239025116,0.00013210531324148178,3.7596664428710938
1363,0,0,0.7631711959838867,0.1739988923072815,4.3870026274817064e-05,3.8207204341888428
1364,0,0,0.4955202341079712,0.19146402180194855,0.0004366641805972904,2.8851492404937744
1365,0,0,0.5434791445732117,0.2105773240327835,-0.0017715911380946636,3.094403028488159
1366,0,0,0.6297385692596436,0.16718845069408417,0.0006837907712906599,3.3991000652313232
1367,0,0,0.6900113224983215,0.14028875529766083,0.000742265663575381,3.608846664428711
1368,0,0,0.7263332009315491,0.10531851649284363,-0.0020491674076765776,3.8329238891601562
1369,0,0,0.8632326126098633,0.09138371795415878,-0.0052460539154708385,4.173227787017822
1369,4,0,0.3866592347621918,0.3322470784187317,0.018348796293139458,3.886354923248291
1370,0,0,0.8682727217674255,0.09581824392080307,-0.00763596361503005,4.215993881225586
1371,0,0,0.8700162768363953,0.10586908459663391,-0.008423631079494953,4.212355136871338
1372,0,0,0.8588860630989075,0.10158798843622208,-0.008236859925091267,4.233802795410156
1373,0,0,0.8553509712219238,0.0929451584815979,-0.008841821923851967,4.274390697479248
1373,4,0,0.3931451141834259,0.32943567633628845,0.017304420471191406,3.8606457710266113
1374,0,0,0.8678919672966003,0.09423709660768509,-0.007039615418761969,4.393901824951172
1374,4,0,0.40209996700286865,0.32061097025871277,0.018222961574792862,4.020462989807129
1375,0,0,0.8577218055725098,0.11323737353086472,-0.0044104899279773235,4.526239395141602
1375,4,0,0.42706865072250366,0.2908874750137329,0.01828043721616268,4.094583034515381
1376,0,0,0.8303549885749817,0.10738930106163025,0.00101289723534137,4.470639705657959
1376,4,0,0.44424983859062195,0.2530023753643036,0.016006359830498695,3.8729021549224854
1377,0,0,0.8164229393005371,0.1462419480085373,0.0015328805893659592,4.435028553009033
1378,0,0,0.8346758484840393,0.1322811096906662,0.008148950524628162,4.534764766693115
1379,0,0,0.6168538928031921,0.10724761337041855,0.006160396616905928,3.626171112060547
1379,1,0,0.12120962888002396,-0.5078855156898499,0.03665962442755699,5.02692985534668
1383,4,0,0.48717522621154785,0.15949615836143494,0.018720796331763268,4.174769401550293
1384,1,0,0.28489017486572266,-0.5291107296943665,0.032909270375967026,5.642453670501709
1384,4,0,0.4795339107513428,0.18630902469158173,0.016194365918636322,4.088613986968994
1385,1,0,0.3208269774913788,-0.550934374332428,0.03487392142415047,5.6501922607421875
1385,4,0,0.47662028670310974,0.21254011988639832,0.01795033924281597,4.176426410675049
1386,1,0,0.3587305545806885,-0.5657402873039246,0.03502299264073372,5.626979351043701
1386,4,0,0.48637115955352783,0.1978028565645218,0.01817440800368786,4.2213850021362305
1387,1,0,0.4456305503845215,-0.5535127520561218,0.03085898794233799,5.594875812530518
1387,4,0,0.49292755126953125,0.17624853551387787,0.016825316473841667,4.14151668548584
1388,1,0,0.4345584809780121,-0.5392362475395203,0.03031563200056553,5.6179633140563965
1388,4,0,0.492171049118042,0.15827974677085876,0.01733325608074665,4.098783493041992
1389,1,0,0.3892926275730133,-0.5547031164169312,0.03291347995400429,5.621311187744141
1389,4,0,0.5045447945594788,0.1647067666053772,0.01861763373017311,4.215653419494629
1390,1,0,0.3671310245990753,-0.5414945483207703,0.03039219044148922,5.673152923583984
1390,4,0,0.48923811316490173,0.16773417592048645,0.017550306394696236,4.2066755294799805
1391,4,0,0.4678070545196533,0.22267217934131622,0.019709711894392967,4.341422080993652
1392,4,0,0.48012393712997437,0.16445714235305786,0.017740024253726006,4.395590782165527
1393,4,0,0.4889897406101227,0.1447046995162964,0.01751212403178215,4.259925842285156
1394,1,0,0.1856568306684494,-0.6857583522796631,0.02913188375532627,5.409628391265869
1394,4,0,0.4852257966995239,0.17056219279766083,0.01921551302075386,4.234878063201904
1395,1,0,0.1899784654378891,-0.7128167152404785,0.029114842414855957,5.327777862548828
1396,1,0,0.16659283638000488,-0.6894314289093018,0.026613852009177208,5.350651264190674
1397,1,0,0.14480219781398773,-0.6889195442199707,0.0252162367105484,5.255751132965088
1398,1,0,0.16201239824295044,-0.671652615070343,0.02532457746565342,5.110019207000732
1400,0,0,0.7372720837593079,-0.3888183832168579,0.011230483651161194,5.254240989685059
1401,0,0,0.7227151989936829,-0.38599827885627747,0.014463094063103199,5.281463146209717
1402,0,0,0.7063784599304199,-0.37721920013427734,0.014914371073246002,5.25722074508667
1403,0,0,0.7533698081970215,-0.37893787026405334,0.016506412997841835,5.318945407867432
1404,0,0,0.712989866733551,-0.3561971187591553,0.016854120418429375,5.384801864624023
1405,0,0,0.6742677688598633,-0.3257347345352173,0.014333524741232395,5.368967533111572
1406,0,0,0.602366030216217,-0.2925888001918793,0.01051187515258789,5.333705425262451
1407,0,0,0.6340932250022888,-0.317289799451828,0.007794319186359644,5.361229419708252
1408,0,0,0.584496021270752,-0.3044915497303009,0.006286707241088152,5.37429666519165
1409,0,0,0.6310508251190186,-0.3198857307434082,0.006202841177582741,5.359361171722412
1410,0,0,0.7501422762870789,-0.34855708479881287,0.006156343966722488,5.3306121826171875
1411,0,0,0.7958543300628662,-0.3605981767177582,0.00636092945933342,5.260015964508057
1412,0,0,0.7538890838623047,-0.35139521956443787,0.0031382525339722633,5.20589017868042
1413,0,0,0.7539954781532288,-0.37294551730155945,0.0055562281049788,5.2179975509643555
1414,0,0,0.7191081047058105,-0.37885597348213196,0.008897488936781883,5.348447799682617
1415,0,0,0.7544448375701904,-0.39155375957489014,0.006085928529500961,5.37804651260376
1416,0,0,0.7436426281929016,-0.36787447333335876,0.00501483678817749,5.387979984283447
1417,0,0,0.806583821773529,-0.37061187624931335,0.0032990213949233294,5.469228267669678
1418,0,0,0.8248322606086731,-0.3885268270969391,0.003807683475315571,5.412467956542969
1419,0,0,0.8119642734527588,-0.35226312279701233,0.0059975809417665005,5.335726261138916
1420,0,0,0.731594979763031,-0.2822414040565491,0.008645941503345966,5.223928928375244
1421,0,0,0.7037897109985352,-0.2883239984512329,0.0074768769554793835,5.2805376052856445
1422,0,0,0.7127529978752136,-0.3026794195175171,0.0067206150852143764,5.308516979217529
1423,0,0,0.8284615874290466,-0.34783950448036194,0.007713258266448975,5.414422512054443
1424,0,0,0.7595214247703552,-0.30588725209236145,0.006994917988777161,5.403080463409424
1425,0,0,0.7094059586524963,-0.2840580642223358,0.0074925473891198635,5.433967113494873
1426,0,0,0.6944910883903503,-0.28110525012016296,0.004875347018241882,5.44249153137207
1427,0,0,0.7077239155769348,-0.30000653862953186,0.003662036033347249,5.408285140991211
1428,0,0,0.8079204559326172,-0.37251248955726624,0.005421578884124756,5.564594268798828
1429,0,0,0.8377125263214111,-0.369557648897171,0.005495949182659388,5.472509860992432
1430,0,0,0.6548513770103455,-0.2934933304786682,0.002368616871535778,5.289560794830322
1431,0,0,0.6009621024131775,-0.2850954234600067,0.0028584718238562346,5.052626132965088
1432,0,0,0.5404432415962219,-0.22514738142490387,0.0010985620319843292,4.887418270111084
1432,4,0,0.4910247325897217,0.10153676569461823,0.009674669243395329,4.302542686462402
1433,0,0,0.4916905164718628,-0.18144875764846802,0.0019055414013564587,4.81178617477417
1433,4,0,0.5042285323143005,0.07937664538621902,0.011523302644491196,4.467738151550293
1434,0,0,0.5390037894248962,-0.19560205936431885,0.0043438090942800045,5.029835224151611
1434,4,0,0.5177337527275085,0.07737399637699127,0.013001933693885803,4.5657196044921875
1435,0,0,0.5468104481697083,-0.16160698235034943,0.00477698864415288,4.97633695602417
1435,4,0,0.4856016933917999,0.1351439654827118,0.014292405918240547,4.499228477478027
1436,1,0,0.7028658986091614,-0.2521175742149353,-0.014187545515596867,2.8606293201446533
1437,1,0,0.8946757912635803,-0.34959062933921814,-0.01803460158407688,3.4329535961151123
1438,1,0,0.9712781310081482,-0.38397303223609924,-0.021336643025279045,3.636031150817871
1439,1,0,1.0593875646591187,-0.38760873675346375,-0.021794015541672707,3.8286094665527344
1440,1,0,0.9587906002998352,-0.3281616270542145,-0.0183620173484087,3.521813154220581
